25 2 22.11 15.12 6.50 27.37
25 3 49.06 29.49 6.33 28.12
25 4 70.78 21.02 6.33 29.64
25 5 92.00 18.90 6.44 29.49
26 3 41.37  9.68 5.24 29.51
26 5 92.69  9.07 5.24 29.20
27 1  2.83 35.06 5.57 25.56
27 3 44.34  7.45 6.65 26.71
27 5 89.91 36.47 6.46 25.56
28 2 20.66 13.76 5.72 32.66
28 4 66.01 18.51 5.88 27.23
29 1  3.06 43.59 4.91 26.63
29 2 25.60 32.36 5.51 24.36
29 4 71.30 11.23 5.60 35.11
30 2 32.26  4.44 7.26 41.08
30 4 88.51  9.88 7.68 41.79
31 1  4.95 13.92 5.14 43.70
31 2 26.45  4.55 5.00 42.46
31 3 46.77  8.86 4.95 45.63
31 4 68.82  9.10 5.09 45.63
31 5 91.64 21.09 5.55 43.57
32 1  4.91  8.04 5.18 45.83
32 2 28.71  6.25 4.87 42.26
32 3 51.25  6.25 5.67 47.17
32 4 69.69 11.61 6.16 47.92
33 1  3.30 16.78 5.89 45.39
33 2 27.01 18.47 5.40 40.60
33 3 52.63  8.18 5.31 43.42
33 5 91.61 10.15 6.07 46.10
34 1  6.25 26.59 5.00 38.38
34 3 54.55 20.94 5.06 34.95
34 5 92.17 23.41 5.15 40.13
35 1  2.82  7.38 5.55 51.82
35 4 68.82 28.94 6.23 31.00
35 5 91.09 12.11 6.00 36.32
36 4 67.27 13.08 7.13 39.52
36 5 91.02 21.72 6.81 37.23
37 1  2.68 27.85 5.13 32.88
37 4 69.87 17.91 5.22 38.62
38 4 72.16 30.46 5.31 31.57
38 5 92.25 16.61 5.99 30.85
39 1  3.12 19.97 5.15 35.63
39 2 29.01 29.30 5.09 35.31
40 2 25.46 30.58 5.11 33.83
40 3 47.24 26.00 5.03 32.58
41 1  2.47 35.96 4.94 31.71
41 3 48.04 18.90 5.06 29.63
41 4 69.94 25.93 5.24 20.91
41 5 91.90 23.84 4.85 20.29
42 2 24.63 30.55 4.97 38.49
42 4 65.99 27.07 5.46 35.18
42 5 90.83 23.68 5.34 29.88
43 1  2.08 27.07 5.19 36.18
43 2 25.60 30.36 5.13 32.52
43 4 65.22 24.44 5.28 33.65
44 3 48.61 37.50 4.55 25.68
44 4 68.94 34.50 4.73 23.06
45 1  2.80 18.93 5.63 30.58
46 2 26.43 15.11 4.40 31.18
47 1  5.23 26.86 4.63 26.18
47 3 46.22  8.04 4.46 25.31