.0014 .0994 .0712 .3097
.0840 .0414 .0835 .4040
.1712 .0445 .0821 .4009
.2660 .0218 .0811 .4113
.3491 .0207 .0835 .4164
.4392 .0166 .0844 .4258
.5316 .0124 .0920 .4351
.6217 .0062 .0863 .4361
.7132 .0000 .0854 .4320
.7986 .0000 .0958 .4289
.9005 .0000 .0887 .4340
.0069 .5235 .0943 .4510
.1014 .5231 .0896 .4693
.1981 .5200 .0925 .4724
.3009 .5211 .0939 .4682
.3849 .5086 .0943 .4776
.4821 .5107 .0976 .4796
.5783 .5014 .1009 .4807
.6689 .4765 .1000 .4848
.7665 .4900 .0943 .4921
.8651 .4724 .1042 .5014
