-1.533051834418096960e-07 -1.171787950095987958e-06 -3.630958000023867854e-06 -6.826240730840057750e-06 -6.583336484692671283e-06 4.352392167704187721e-06 2.969365115939552664e-05 5.995389831718834974e-05 7.233847049931851252e-05 4.824826113940632586e-05 -5.368115766133309562e-06 -5.662649615853666959e-05 -7.539467688769130056e-05 -5.827978637174595437e-05 -2.612046095124655049e-05 -1.388838884584298325e-06 8.071827767211945415e-06 7.216061091267291231e-06 3.573467222452915363e-06 1.056681312263665214e-06 9.098374881377148713e-08
-1.626761927832406480e-07 -2.643961900626307043e-06 -9.352636175376861553e-06 -1.951341887421905699e-05 -2.313235526880981491e-05 -1.154008357718364517e-08 6.445462981401503088e-05 1.516193358932653229e-04 2.026191390984970089e-04 1.597220556522898510e-04 2.746737282213572570e-05 -1.168526178667321822e-04 -1.869812572144221154e-04 -1.601853689213828891e-04 -8.273779505997040586e-05 -1.515225787682923493e-05 1.551609906632755461e-05 1.751880071768352408e-05 9.646802823446980432e-06 3.232935215171704957e-06 4.815601651703908370e-07
2.030450147185910686e-07 -5.055124907974263997e-06 -2.113603667264302993e-05 -4.884248429728258589e-05 -6.745253321637239999e-05 -2.760651682642220752e-05 1.160950581313334521e-04 3.357384916346413937e-04 4.979323821628251238e-04 4.480637295621057244e-04 1.635596716483804101e-04 -1.927895461387162416e-04 -4.048136538884499662e-04 -3.867465570393904036e-04 -2.249656269944612721e-04 -6.268918896993634702e-05 2.210009373355313749e-05 3.696515285901935633e-05 2.288770767080561846e-05 8.562278015062484493e-06 1.695809970623915032e-06
1.703419628177816478e-06 -7.889583623993481784e-06 -4.176438391768959269e-05 -1.073371037738359794e-04 -1.679136819846251886e-04 -1.174846826806158294e-04 1.619358312823931684e-04 6.476533462322276629e-04 1.075254366760363062e-03 1.084132508672604276e-03 5.547679625769745722e-04 -2.182837501794711386e-04 -7.594106955062972708e-04 -8.206644573111228098e-04 -5.312071991207728333e-04 -1.887837527426696946e-04 1.408553965460020175e-05 6.705111581329488651e-05 4.770576874050179542e-05 1.978527994116139206e-05 4.737189483047567048e-06
5.693223051524514828e-06 -9.083807523767271704e-06 -7.171068685281013148e-05 -2.073149042843869282e-04 -3.619312625464641848e-04 -3.355196094571880018e-04 1.346213037612875780e-04 1.078537121284550183e-03 2.040447369983587524e-03 2.284053744336213190e-03 1.444870368541353910e-03 -2.898622209899705761e-05 -1.217845503130115647e-03 -1.529137452754894414e-03 -1.096373411547033093e-03 -4.621439490278179030e-04 -3.870781485803913811e-05 1.023917035984365690e-04 8.718477955042430478e-05 4.006565990400018823e-05 1.108107879701786026e-05
1.391780829299566857e-05 -4.508805874665667795e-06 -1.058096960702675494e-04 -3.517614416213510017e-04 -6.807538350311578054e-04 -7.617146175844648291e-04 -8.721525315230019976e-05 1.524619071352170110e-03 3.397743720245103953e-03 4.212312097716239788e-03 3.113104247786670740e-03 6.464353964341415905e-04 -1.625373394370090022e-03 -2.495478351531436097e-03 -1.984966886680888335e-03 -9.569238611955997904e-04 -1.824593921571147741e-04 1.256948900063735105e-04 1.391500321699131305e-04 7.126201664648881698e-05 2.222394634141568249e-05
2.769951872684229977e-05 1.120742125097284471e-05 -1.313372666714565163e-04 -5.232818459325215207e-04 -1.122189024799970019e-03 -1.449265763486234882e-03 -6.483062320670791726e-04 1.766298498296644528e-03 4.948719619755538417e-03 6.819667008867753497e-03 5.717900754795686609e-03 2.104491564978983303e-03 -1.693371639904437754e-03 -3.549495130688324479e-03 -3.157712095089907321e-03 -1.707391859535596721e-03 -4.632919518806654963e-04 1.080608950015145970e-04 1.925741279442013927e-04 1.113995343396125231e-04 3.868276392580794019e-05
4.665957316344014605e-05 4.190537930901974657e-05 -1.308145171117056538e-04 -6.797318491158849596e-04 -1.624848052618030293e-03 -2.365152117925435182e-03 -1.633733986067946757e-03 1.528481444067270522e-03 6.266807129304179450e-03 9.703396104688316592e-03 9.086501067020739952e-03 4.478272986981351837e-03 -1.093628342031261521e-03 -4.362216900098941051e-03 -4.414532864630160529e-03 -2.651194630616885914e-03 -8.946910587012347127e-04 1.989080334055082726e-05 2.281279944100149230e-04 1.529333002297312476e-04 5.883065970719534308e-05
6.774978001367752722e-05 8.613402058960879294e-05 -9.064343067434550336e-05 -7.654344079527903135e-04 -2.067749843711619035e-03 -3.350609104618111102e-03 -2.967033957539601426e-03 6.304762255568499302e-04 6.826990662793630538e-03 1.212990074561531156e-02 1.259483478768014079e-02 7.527366436293848016e-03 3.435727556506573861e-04 -4.558328061754612220e-03 -5.416492459777139286e-03 -3.602568809476638934e-03 -1.424593206061354651e-03 -1.491738550488533115e-04 2.255300234504503936e-04 1.839326377357747928e-04 7.847064574974425767e-05
8.562623745587214094e-05 1.351053859365238701e-04 -1.150430674009380340e-05 -7.374830425780820511e-04 -2.310784391362294757e-03 -4.147942325521743190e-03 -4.367270101609708848e-03 -8.521604125232539731e-04 6.269963127140646027e-03 1.329691707563949131e-02 1.529667384273051232e-02 1.057721940888199305e-02 2.438826764081113759e-03 -3.918292670327711176e-03 -5.814687138754375852e-03 -4.296828607593083417e-03 -1.930734729758600693e-03 -3.733266289141906331e-04 1.753267188825345093e-04 1.928958667865734273e-04 9.196133711367320842e-05
9.471363090359087133e-05 1.749344776042594072e-04 8.737219095989583477e-05 -5.924334373329547465e-04 -2.262149688581085571e-03 -4.503890090076009128e-03 -5.430391975776036918e-03 -2.544248569345164152e-03 4.644700584336677873e-03 1.273290744928443075e-02 1.631649651057790265e-02 1.273290744928443075e-02 4.644700584336677873e-03 -2.544248569345164152e-03 -5.430391975776036918e-03 -4.503890090076009128e-03 -2.262149688581085571e-03 -5.924334373329547465e-04 8.737219095989583477e-05 1.749344776042594072e-04 9.471363090359087133e-05
9.196133711367320842e-05 1.928958667865734273e-04 1.753267188825345093e-04 -3.733266289141906331e-04 -1.930734729758600693e-03 -4.296828607593083417e-03 -5.814687138754375852e-03 -3.918292670327711176e-03 2.438826764081113759e-03 1.057721940888199305e-02 1.529667384273051232e-02 1.329691707563949131e-02 6.269963127140646027e-03 -8.521604125232539731e-04 -4.367270101609708848e-03 -4.147942325521743190e-03 -2.310784391362294757e-03 -7.374830425780820511e-04 -1.150430674009380340e-05 1.351053859365238701e-04 8.562623745587214094e-05
7.847064574974425767e-05 1.839326377357747928e-04 2.255300234504503936e-04 -1.491738550488533115e-04 -1.424593206061354651e-03 -3.602568809476638934e-03 -5.416492459777139286e-03 -4.558328061754612220e-03 3.435727556506573861e-04 7.527366436293848016e-03 1.259483478768014079e-02 1.212990074561531156e-02 6.826990662793630538e-03 6.304762255568499302e-04 -2.967033957539601426e-03 -3.350609104618111102e-03 -2.067749843711619035e-03 -7.654344079527903135e-04 -9.064343067434550336e-05 8.613402058960879294e-05 6.774978001367752722e-05
5.883065970719534308e-05 1.529333002297312476e-04 2.281279944100149230e-04 1.989080334055082726e-05 -8.946910587012347127e-04 -2.651194630616885914e-03 -4.414532864630160529e-03 -4.362216900098941051e-03 -1.093628342031261521e-03 4.478272986981351837e-03 9.086501067020739952e-03 9.703396104688316592e-03 6.266807129304179450e-03 1.528481444067270522e-03 -1.633733986067946757e-03 -2.365152117925435182e-03 -1.624848052618030293e-03 -6.797318491158849596e-04 -1.308145171117056538e-04 4.190537930901974657e-05 4.665957316344014605e-05
3.868276392580794019e-05 1.113995343396125231e-04 1.925741279442013927e-04 1.080608950015145970e-04 -4.632919518806654963e-04 -1.707391859535596721e-03 -3.157712095089907321e-03 -3.549495130688324479e-03 -1.693371639904437754e-03 2.104491564978983303e-03 5.717900754795686609e-03 6.819667008867753497e-03 4.948719619755538417e-03 1.766298498296644528e-03 -6.483062320670791726e-04 -1.449265763486234882e-03 -1.122189024799970019e-03 -5.232818459325215207e-04 -1.313372666714565163e-04 1.120742125097284471e-05 2.769951872684229977e-05
2.222394634141568249e-05 7.126201664648881698e-05 1.391500321699131305e-04 1.256948900063735105e-04 -1.824593921571147741e-04 -9.569238611955997904e-04 -1.984966886680888335e-03 -2.495478351531436097e-03 -1.625373394370090022e-03 6.464353964341415905e-04 3.113104247786670740e-03 4.212312097716239788e-03 3.397743720245103953e-03 1.524619071352170110e-03 -8.721525315230019976e-05 -7.617146175844648291e-04 -6.807538350311578054e-04 -3.517614416213510017e-04 -1.058096960702675494e-04 -4.508805874665667795e-06 1.391780829299566857e-05
1.108107879701786026e-05 4.006565990400018823e-05 8.718477955042430478e-05 1.023917035984365690e-04 -3.870781485803913811e-05 -4.621439490278179030e-04 -1.096373411547033093e-03 -1.529137452754894414e-03 -1.217845503130115647e-03 -2.898622209899705761e-05 1.444870368541353910e-03 2.284053744336213190e-03 2.040447369983587524e-03 1.078537121284550183e-03 1.346213037612875780e-04 -3.355196094571880018e-04 -3.619312625464641848e-04 -2.073149042843869282e-04 -7.171068685281013148e-05 -9.083807523767271704e-06 5.693223051524514828e-06
4.737189483047567048e-06 1.978527994116139206e-05 4.770576874050179542e-05 6.705111581329488651e-05 1.408553965460020175e-05 -1.887837527426696946e-04 -5.312071991207728333e-04 -8.206644573111228098e-04 -7.594106955062972708e-04 -2.182837501794711386e-04 5.547679625769745722e-04 1.084132508672604276e-03 1.075254366760363062e-03 6.476533462322276629e-04 1.619358312823931684e-04 -1.174846826806158294e-04 -1.679136819846251886e-04 -1.073371037738359794e-04 -4.176438391768959269e-05 -7.889583623993481784e-06 1.703419628177816478e-06
1.695809970623915032e-06 8.562278015062484493e-06 2.288770767080561846e-05 3.696515285901935633e-05 2.210009373355313749e-05 -6.268918896993634702e-05 -2.249656269944612721e-04 -3.867465570393904036e-04 -4.048136538884499662e-04 -1.927895461387162416e-04 1.635596716483804101e-04 4.480637295621057244e-04 4.979323821628251238e-04 3.357384916346413937e-04 1.160950581313334521e-04 -2.760651682642220752e-05 -6.745253321637239999e-05 -4.884248429728258589e-05 -2.113603667264302993e-05 -5.055124907974263997e-06 2.030450147185910686e-07
4.815601651703908370e-07 3.232935215171704957e-06 9.646802823446980432e-06 1.751880071768352408e-05 1.551609906632755461e-05 -1.515225787682923493e-05 -8.273779505997040586e-05 -1.601853689213828891e-04 -1.869812572144221154e-04 -1.168526178667321822e-04 2.746737282213572570e-05 1.597220556522898510e-04 2.026191390984970089e-04 1.516193358932653229e-04 6.445462981401503088e-05 -1.154008357718364517e-08 -2.313235526880981491e-05 -1.951341887421905699e-05 -9.352636175376861553e-06 -2.643961900626307043e-06 -1.626761927832406480e-07
9.098374881377148713e-08 1.056681312263665214e-06 3.573467222452915363e-06 7.216061091267291231e-06 8.071827767211945415e-06 -1.388838884584298325e-06 -2.612046095124655049e-05 -5.827978637174595437e-05 -7.539467688769130056e-05 -5.662649615853666959e-05 -5.368115766133309562e-06 4.824826113940632586e-05 7.233847049931851252e-05 5.995389831718834974e-05 2.969365115939552664e-05 4.352392167704187721e-06 -6.583336484692671283e-06 -6.826240730840057750e-06 -3.630958000023867854e-06 -1.171787950095987958e-06 -1.533051834418096960e-07
