-1.534186283830677342e-06 -1.465546350776367303e-06 3.083636541741332273e-05 1.562493631226820573e-04 3.086626637210498209e-04 2.582630629315239824e-04 3.174754002554550059e-05 -8.596071592103577590e-05 -5.605074836644140804e-05 -1.424864540916581021e-05 -1.534186283830677765e-06
5.126052706942314944e-06 7.703744886314425932e-05 3.873117319420877691e-04 8.448362767517389980e-04 5.314460936414742206e-04 -8.629135110879820316e-04 -1.668831210935747779e-03 -1.079686056112090075e-03 -3.030649508751743050e-04 -2.453288924256527922e-05 5.126052706942339508e-06
6.078124895256423806e-05 3.392969674962354148e-04 6.898912227592222945e-04 -8.615200177805975830e-04 -6.136286189079477246e-03 -1.023184191433246411e-02 -7.350053480346496575e-03 -1.923169044511736491e-03 3.090498467591042283e-04 2.832664144840401970e-04 6.078124895256423806e-05
9.721261198696360501e-05 -2.437572234953738301e-05 -2.750801299444875347e-03 -1.212203607799549644e-02 -2.209788952051619515e-02 -1.636465349216866677e-02 5.280414505713724570e-04 7.668246430990461292e-03 4.348492565458763823e-03 1.020094196923383234e-03 9.721261198696352370e-05
-1.465489433134422041e-04 -1.791527477889148399e-03 -8.279975553254336623e-03 -1.636746863332430232e-02 -6.292385339827108459e-03 2.466987181961085435e-02 3.880913782155051561e-02 2.308159916812021692e-02 5.871440672956605711e-03 2.904723441577527045e-04 -1.465489433134427462e-04
-3.877061607270862399e-04 -1.985576660535702705e-03 -3.185979340090715813e-03 8.881366570820718731e-03 4.301274706920909380e-02 6.526598604231161060e-02 4.301274706920909380e-02 8.881366570820718731e-03 -3.185979340090715813e-03 -1.985576660535702705e-03 -3.877061607270862399e-04
-1.465489433134427462e-04 2.904723441577527045e-04 5.871440672956605711e-03 2.308159916812021692e-02 3.880913782155051561e-02 2.466987181961085435e-02 -6.292385339827108459e-03 -1.636746863332430232e-02 -8.279975553254336623e-03 -1.791527477889148399e-03 -1.465489433134422041e-04
9.721261198696352370e-05 1.020094196923383234e-03 4.348492565458763823e-03 7.668246430990461292e-03 5.280414505713724570e-04 -1.636465349216866677e-02 -2.209788952051619515e-02 -1.212203607799549644e-02 -2.750801299444875347e-03 -2.437572234953738301e-05 9.721261198696360501e-05
6.078124895256423806e-05 2.832664144840401970e-04 3.090498467591042283e-04 -1.923169044511736491e-03 -7.350053480346496575e-03 -1.023184191433246411e-02 -6.136286189079477246e-03 -8.615200177805975830e-04 6.898912227592222945e-04 3.392969674962354148e-04 6.078124895256423806e-05
5.126052706942339508e-06 -2.453288924256527922e-05 -3.030649508751743050e-04 -1.079686056112090075e-03 -1.668831210935747779e-03 -8.629135110879820316e-04 5.314460936414742206e-04 8.448362767517389980e-04 3.873117319420877691e-04 7.703744886314425932e-05 5.126052706942314944e-06
-1.534186283830677765e-06 -1.424864540916581021e-05 -5.605074836644140804e-05 -8.596071592103577590e-05 3.174754002554550059e-05 2.582630629315239824e-04 3.086626637210498209e-04 1.562493631226820573e-04 3.083636541741332273e-05 -1.465546350776367303e-06 -1.534186283830677342e-06
