5.757825637089426659e-07 1.524872412634919893e-06 3.644893319489838775e-06 7.863437729216206777e-06 1.531145273824079383e-05 2.690894433850268323e-05 4.268283312102125632e-05 6.110632036256283359e-05 7.895785519717397807e-05 9.208329872344657896e-05 9.692654018177147867e-05 9.208329872344657896e-05 7.895785519717397807e-05 6.110632036256283359e-05 4.268283312102125632e-05 2.690894433850265951e-05 1.531145273824078027e-05 7.863437729216191531e-06 3.644893319489838775e-06 1.524872412634919893e-06 5.757825637089426659e-07
1.233647696075177290e-06 3.267128004950473001e-06 7.809396340632205057e-06 1.684787357121479912e-05 3.280567975594873571e-05 5.765398134527332499e-05 9.145045727422629702e-05 1.309238523051449920e-04 1.691718059740861875e-04 1.972938336052253443e-04 2.076707606662166964e-04 1.972938336052253443e-04 1.691718059740861875e-04 1.309238523051449920e-04 9.145045727422629702e-05 5.765398134527327078e-05 3.280567975594870860e-05 1.684787357121477202e-05 7.809396340632205057e-06 3.267128004950473001e-06 1.233647696075177290e-06
1.126333978406074297e-06 2.982923970502449125e-06 7.130065153348356534e-06 1.538229474064733399e-05 2.995194812213359761e-05 5.263872204857913002e-05 8.349527802502951170e-05 1.195349238719097451e-04 1.544557282140956707e-04 1.801314501916092929e-04 1.896056992640314965e-04 1.801314501916092116e-04 1.544557282140956707e-04 1.195349238719096773e-04 8.349527802502943038e-05 5.263872204857908936e-05 2.995194812213357389e-05 1.538229474064730688e-05 7.130065153348337899e-06 2.982923970502441078e-06 1.126333978406071121e-06
-2.429935892536943913e-06 -6.435315066042957539e-06 -1.538229474064728317e-05 -3.318553006167550946e-05 -6.461787994389843503e-05 -1.135619829423312405e-04 -1.801314501916094284e-04 -2.578828371484201062e-04 -3.332204523621780552e-04 -3.886128666869697354e-04 -4.090524683657656316e-04 -3.886128666869695727e-04 -3.332204523621780552e-04 -2.578828371484199978e-04 -1.801314501916094284e-04 -1.135619829423312405e-04 -6.461787994389843503e-05 -3.318553006167550946e-05 -1.538229474064739497e-05 -6.435315066043003279e-06 -2.429935892536962124e-06
-1.238722547380561148e-05 -3.280567975594870183e-05 -7.841521821301930984e-05 -1.691718059740862147e-04 -3.294063234189626419e-04 -5.789115228428742344e-04 -9.182665663321086438e-04 -1.314624332021796255e-03 -1.698677273162274050e-03 -1.981054404133938442e-03 -2.085250549953110693e-03 -1.981054404133938442e-03 -1.698677273162273399e-03 -1.314624332021796255e-03 -9.182665663321086438e-04 -5.789115228428742344e-04 -3.294063234189626419e-04 -1.691718059740862147e-04 -7.841521821301943181e-05 -3.280567975594874926e-05 -1.238722547380563181e-05
-2.690894433850265951e-05 -7.126424011626254014e-05 -1.703424827979190242e-04 -3.674942964610553053e-04 -7.155739951917146823e-04 -1.257577653530096533e-03 -1.994763393432230029e-03 -2.855776949505040539e-03 -3.690060561928249806e-03 -4.303472380083214061e-03 -4.529819134977086832e-03 -4.303472380083214061e-03 -3.690060561928249806e-03 -2.855776949505039672e-03 -1.994763393432230029e-03 -1.257577653530096533e-03 -7.155739951917146823e-04 -3.674942964610553053e-04 -1.703424827979191597e-04 -7.126424011626260790e-05 -2.690894433850268323e-05
-3.453113736297608121e-05 -9.145045727422633768e-05 -2.185934757696494251e-04 -4.715902590444419600e-04 -9.182665663321084269e-04 -1.613797485043713242e-03 -2.559797511145228514e-03 -3.664700661641287233e-03 -4.735302378968589410e-03 -5.522468441164270908e-03 -5.812929887238938234e-03 -5.522468441164270908e-03 -4.735302378968587675e-03 -3.664700661641286800e-03 -2.559797511145227647e-03 -1.613797485043712808e-03 -9.182665663321081017e-04 -4.715902590444418516e-04 -2.185934757696495064e-04 -9.145045727422626992e-05 -3.453113736297606088e-05
-1.888289145575182401e-05 -5.000846164249414234e-05 -1.195349238719097993e-04 -2.578828371484199978e-04 -5.021418123946994744e-04 -8.824836095413037028e-04 -1.399791094152744251e-03 -2.003992630888258748e-03 -2.589436886839941842e-03 -3.019888138817227331e-03 -3.178723102770350008e-03 -3.019888138817226897e-03 -2.589436886839941842e-03 -2.003992630888258748e-03 -1.399791094152742516e-03 -8.824836095413027270e-04 -5.021418123946988239e-04 -2.578828371484197268e-04 -1.195349238719097044e-04 -5.000846164249406781e-05 -1.888289145575179691e-05
2.439931909532301499e-05 6.461787994389838082e-05 1.544557282140956978e-04 3.332204523621777300e-04 6.488369824309984978e-04 1.140291423908596684e-03 1.808724561757764707e-03 2.589436886839943143e-03 3.345912199265573157e-03 3.902115017916838857e-03 4.107351857733862639e-03 3.902115017916838857e-03 3.345912199265575326e-03 2.589436886839944878e-03 1.808724561757767526e-03 1.140291423908598202e-03 6.488369824309995820e-04 3.332204523621781636e-04 1.544557282140958875e-04 6.461787994389846213e-05 2.439931909532306242e-05
7.449695356537316049e-05 1.972938336052253172e-04 4.715902590444419058e-04 1.017401693452017405e-03 1.981054404133937574e-03 3.481582290310523010e-03 5.522468441164270908e-03 7.906169789646162044e-03 1.021586974491768725e-02 1.191408990393580045e-02 1.254072703532540037e-02 1.191408990393580045e-02 1.021586974491768898e-02 7.906169789646163779e-03 5.522468441164271775e-03 3.481582290310523877e-03 1.981054404133938442e-03 1.017401693452018273e-03 4.715902590444423395e-04 1.972938336052254256e-04 7.449695356537320114e-05
9.692654018177147867e-05 2.566951771225333637e-04 6.135769317397881967e-04 1.323721593995699341e-03 2.577511429860865431e-03 4.529819134977086832e-03 7.185176489067515368e-03 1.028656404221390576e-02 1.329166981913682336e-02 1.550119110293159998e-02 1.631649651057790265e-02 1.550119110293159998e-02 1.329166981913682336e-02 1.028656404221390576e-02 7.185176489067515368e-03 4.529819134977086832e-03 2.577511429860865431e-03 1.323721593995699341e-03 6.135769317397881967e-04 2.566951771225333637e-04 9.692654018177147867e-05
7.449695356537320114e-05 1.972938336052254256e-04 4.715902590444423395e-04 1.017401693452018273e-03 1.981054404133938442e-03 3.481582290310523877e-03 5.522468441164271775e-03 7.906169789646163779e-03 1.021586974491768898e-02 1.191408990393580045e-02 1.254072703532540037e-02 1.191408990393580045e-02 1.021586974491768725e-02 7.906169789646162044e-03 5.522468441164270908e-03 3.481582290310523010e-03 1.981054404133937574e-03 1.017401693452017405e-03 4.715902590444419058e-04 1.972938336052253172e-04 7.449695356537316049e-05
2.439931909532306242e-05 6.461787994389846213e-05 1.544557282140958875e-04 3.332204523621781636e-04 6.488369824309995820e-04 1.140291423908598202e-03 1.808724561757767526e-03 2.589436886839944878e-03 3.345912199265575326e-03 3.902115017916838857e-03 4.107351857733862639e-03 3.902115017916838857e-03 3.345912199265573157e-03 2.589436886839943143e-03 1.808724561757764707e-03 1.140291423908596684e-03 6.488369824309984978e-04 3.332204523621777300e-04 1.544557282140956978e-04 6.461787994389838082e-05 2.439931909532301499e-05
-1.888289145575179691e-05 -5.000846164249406781e-05 -1.195349238719097044e-04 -2.578828371484197268e-04 -5.021418123946988239e-04 -8.824836095413027270e-04 -1.399791094152742516e-03 -2.003992630888258748e-03 -2.589436886839941842e-03 -3.019888138817226897e-03 -3.178723102770350008e-03 -3.019888138817227331e-03 -2.589436886839941842e-03 -2.003992630888258748e-03 -1.399791094152744251e-03 -8.824836095413037028e-04 -5.021418123946994744e-04 -2.578828371484199978e-04 -1.195349238719097993e-04 -5.000846164249414234e-05 -1.888289145575182401e-05
-3.453113736297606088e-05 -9.145045727422626992e-05 -2.185934757696495064e-04 -4.715902590444418516e-04 -9.182665663321081017e-04 -1.613797485043712808e-03 -2.559797511145227647e-03 -3.664700661641286800e-03 -4.735302378968587675e-03 -5.522468441164270908e-03 -5.812929887238938234e-03 -5.522468441164270908e-03 -4.735302378968589410e-03 -3.664700661641287233e-03 -2.559797511145228514e-03 -1.613797485043713242e-03 -9.182665663321084269e-04 -4.715902590444419600e-04 -2.185934757696494251e-04 -9.145045727422633768e-05 -3.453113736297608121e-05
-2.690894433850268323e-05 -7.126424011626260790e-05 -1.703424827979191597e-04 -3.674942964610553053e-04 -7.155739951917146823e-04 -1.257577653530096533e-03 -1.994763393432230029e-03 -2.855776949505039672e-03 -3.690060561928249806e-03 -4.303472380083214061e-03 -4.529819134977086832e-03 -4.303472380083214061e-03 -3.690060561928249806e-03 -2.855776949505040539e-03 -1.994763393432230029e-03 -1.257577653530096533e-03 -7.155739951917146823e-04 -3.674942964610553053e-04 -1.703424827979190242e-04 -7.126424011626254014e-05 -2.690894433850265951e-05
-1.238722547380563181e-05 -3.280567975594874926e-05 -7.841521821301943181e-05 -1.691718059740862147e-04 -3.294063234189626419e-04 -5.789115228428742344e-04 -9.182665663321086438e-04 -1.314624332021796255e-03 -1.698677273162273399e-03 -1.981054404133938442e-03 -2.085250549953110693e-03 -1.981054404133938442e-03 -1.698677273162274050e-03 -1.314624332021796255e-03 -9.182665663321086438e-04 -5.789115228428742344e-04 -3.294063234189626419e-04 -1.691718059740862147e-04 -7.841521821301930984e-05 -3.280567975594870183e-05 -1.238722547380561148e-05
-2.429935892536962124e-06 -6.435315066043003279e-06 -1.538229474064739497e-05 -3.318553006167550946e-05 -6.461787994389843503e-05 -1.135619829423312405e-04 -1.801314501916094284e-04 -2.578828371484199978e-04 -3.332204523621780552e-04 -3.886128666869695727e-04 -4.090524683657656316e-04 -3.886128666869697354e-04 -3.332204523621780552e-04 -2.578828371484201062e-04 -1.801314501916094284e-04 -1.135619829423312405e-04 -6.461787994389843503e-05 -3.318553006167550946e-05 -1.538229474064728317e-05 -6.435315066042957539e-06 -2.429935892536943913e-06
1.126333978406071121e-06 2.982923970502441078e-06 7.130065153348337899e-06 1.538229474064730688e-05 2.995194812213357389e-05 5.263872204857908936e-05 8.349527802502943038e-05 1.195349238719096773e-04 1.544557282140956707e-04 1.801314501916092116e-04 1.896056992640314965e-04 1.801314501916092929e-04 1.544557282140956707e-04 1.195349238719097451e-04 8.349527802502951170e-05 5.263872204857913002e-05 2.995194812213359761e-05 1.538229474064733399e-05 7.130065153348356534e-06 2.982923970502449125e-06 1.126333978406074297e-06
1.233647696075177290e-06 3.267128004950473001e-06 7.809396340632205057e-06 1.684787357121477202e-05 3.280567975594870860e-05 5.765398134527327078e-05 9.145045727422629702e-05 1.309238523051449920e-04 1.691718059740861875e-04 1.972938336052253443e-04 2.076707606662166964e-04 1.972938336052253443e-04 1.691718059740861875e-04 1.309238523051449920e-04 9.145045727422629702e-05 5.765398134527332499e-05 3.280567975594873571e-05 1.684787357121479912e-05 7.809396340632205057e-06 3.267128004950473001e-06 1.233647696075177290e-06
5.757825637089426659e-07 1.524872412634919893e-06 3.644893319489838775e-06 7.863437729216191531e-06 1.531145273824078027e-05 2.690894433850265951e-05 4.268283312102125632e-05 6.110632036256283359e-05 7.895785519717397807e-05 9.208329872344657896e-05 9.692654018177147867e-05 9.208329872344657896e-05 7.895785519717397807e-05 6.110632036256283359e-05 4.268283312102125632e-05 2.690894433850268323e-05 1.531145273824079383e-05 7.863437729216206777e-06 3.644893319489838775e-06 1.524872412634919893e-06 5.757825637089426659e-07
