-1.932664717493665156e-06 -7.012685743724623405e-06 -1.881085175751723727e-05 -4.021160689149664360e-05 -7.004991766712262218e-05 -9.925363793992532510e-05 -1.112078515544446557e-04 -8.971931724776027435e-05 -3.144199282389969103e-05 4.718521080100656349e-05 1.167088741580129651e-04 1.519129853638061527e-04 1.461780423995424091e-04 1.120955232543831444e-04 7.004991766712250021e-05 3.560488550763921963e-05 1.431072940589056778e-05 4.141669492527655322e-06 5.206701771123940424e-07
4.353086362355212435e-07 -6.133222310641385027e-06 -2.741302171372009261e-05 -7.576623771879368468e-05 -1.594667210930009378e-04 -2.699215140280227898e-04 -3.729069376120259941e-04 -4.172078027339367278e-04 -3.635486145508290586e-04 -2.157283777719951827e-04 -2.628721908484644664e-05 1.328615234103686636e-04 2.130250082251793683e-04 2.112090691879347495e-04 1.594667210930007209e-04 9.682793298552211847e-05 4.798735164065600560e-05 1.925936221578613598e-05 6.020258403699568502e-06
1.157331999816349655e-05 1.352150169318737825e-05 -4.194414240573727613e-06 -7.233607999783686637e-05 -2.274550701852868595e-04 -4.846127191551264420e-04 -8.031484240037068756e-04 -1.077501234240963888e-03 -1.179936545086093152e-03 -1.039706849269449954e-03 -6.988843615915532343e-04 -2.929108424189675501e-04 3.259455077332031617e-05 2.016470209561079994e-04 2.274550701852865342e-04 1.738433042777489345e-04 1.033527723809812311e-04 4.974016886121686737e-05 1.953940303187043069e-05
3.673241427366253438e-05 7.081660362101006281e-05 1.011811709653503895e-04 7.726246168977552852e-05 -8.796867999575966042e-05 -4.807922611279353696e-04 -1.109498216183214554e-03 -1.837513370086626746e-03 -2.404228099311936720e-03 -2.557960478583117762e-03 -2.218180254537053479e-03 -1.534071547269869962e-03 -7.862730348453134685e-04 -2.153800044451504529e-04 8.796867999575883371e-05 1.724728056898051400e-04 1.427752494646730816e-04 8.482424187405875884e-05 3.981331200278744986e-05
7.085869639788241277e-05 1.666911016796171529e-04 3.186289249655690895e-04 4.798827960278072530e-04 5.138163404247276340e-04 2.125057357496054589e-04 -5.881207241131308121e-04 -1.838588554154166940e-03 -3.192295570941087318e-03 -4.134475537519863991e-03 -4.278982591261805760e-03 -3.610962164159802184e-03 -2.476046970319912936e-03 -1.337740947947266062e-03 -5.138163404247293687e-04 -7.623138605419177037e-05 7.568203524423695676e-05 8.487387507667296051e-05 5.286347813976868245e-05
8.992866723416483477e-05 2.550235492308459712e-04 5.827693425705838962e-04 1.087123141364690739e-03 1.639831041355575445e-03 1.917061607747613805e-03 1.496598978196756477e-03 1.320103626428392653e-04 -1.962438859333508374e-03 -4.091163373042169295e-03 -5.430571279347820406e-03 -5.524472380129048787e-03 -4.528666897467473369e-03 -3.030509019498877146e-03 -1.639831041355577180e-03 -6.877003248612200293e-04 -1.925891266375256701e-04 -6.093930587384591392e-06 3.249741179524496832e-05
5.939196387210353211e-05 2.462098973673358757e-04 7.040729145720056158e-04 1.573424153094471045e-03 2.850356392081310197e-03 4.213731879259262694e-03 5.001814824565050180e-03 4.498559673045267153e-03 2.441777377797477340e-03 -6.334888615867224080e-04 -3.586534785265608778e-03 -5.333545791447774805e-03 -5.471309948394374040e-03 -4.386141648557350704e-03 -2.850356392081310197e-03 -1.511576242794474131e-03 -6.436561581956166999e-04 -2.076648366228163358e-04 -4.043511703877908093e-05
-3.503878968318237616e-05 7.261808603943911125e-05 4.786823155153519319e-04 1.467860168239154463e-03 3.268766168647492445e-03 5.770399792030055965e-03 8.290684041044811201e-03 9.702284455387627168e-03 9.029127140607799348e-03 6.167467954902710985e-03 2.115906426380473760e-03 -1.573096334956772995e-03 -3.719812622804347449e-03 -4.091867158331074714e-03 -3.268766168647490276e-03 -2.069993888313586758e-03 -1.066882726738419343e-03 -4.478818694722875335e-04 -1.495196965981451093e-04
-1.594231298467135762e-04 -2.261061599439704824e-04 -1.057363001052226062e-04 5.582062571223054366e-04 2.227831592591968980e-03 5.165561501922347372e-03 9.007439416825616454e-03 1.258279623993263652e-02 1.433888520333806774e-02 1.326239922372376458e-02 9.627171143935197434e-03 4.898046628850015981e-03 8.216706802644156921e-04 -1.556078637813079063e-03 -2.227831592591964210e-03 -1.853022515607269513e-03 -1.159118050860247868e-03 -5.808535432086285675e-04 -2.374477324077658698e-04
-2.441316209039241119e-04 -4.963941651339254593e-04 -7.780640310917553331e-04 -7.964948350226757007e-04 3.294827965341459869e-18 2.220341642705186188e-03 6.046290640775386048e-03 1.075318676730227692e-02 1.474250880877955860e-02 1.631649651057790265e-02 1.474250880877955860e-02 1.075318676730227692e-02 6.046290640775386048e-03 2.220341642705186188e-03 3.294827965341459869e-18 -7.964948350226757007e-04 -7.780640310917553331e-04 -4.963941651339254593e-04 -2.441316209039241119e-04
-2.374477324077658698e-04 -5.808535432086285675e-04 -1.159118050860247868e-03 -1.853022515607269513e-03 -2.227831592591964210e-03 -1.556078637813079063e-03 8.216706802644156921e-04 4.898046628850015981e-03 9.627171143935197434e-03 1.326239922372376458e-02 1.433888520333806774e-02 1.258279623993263652e-02 9.007439416825616454e-03 5.165561501922347372e-03 2.227831592591968980e-03 5.582062571223054366e-04 -1.057363001052226062e-04 -2.261061599439704824e-04 -1.594231298467135762e-04
-1.495196965981451093e-04 -4.478818694722875335e-04 -1.066882726738419343e-03 -2.069993888313586758e-03 -3.268766168647490276e-03 -4.091867158331074714e-03 -3.719812622804347449e-03 -1.573096334956772995e-03 2.115906426380473760e-03 6.167467954902710985e-03 9.029127140607799348e-03 9.702284455387627168e-03 8.290684041044811201e-03 5.770399792030055965e-03 3.268766168647492445e-03 1.467860168239154463e-03 4.786823155153519319e-04 7.261808603943911125e-05 -3.503878968318237616e-05
-4.043511703877908093e-05 -2.076648366228163358e-04 -6.436561581956166999e-04 -1.511576242794474131e-03 -2.850356392081310197e-03 -4.386141648557350704e-03 -5.471309948394374040e-03 -5.333545791447774805e-03 -3.586534785265608778e-03 -6.334888615867224080e-04 2.441777377797477340e-03 4.498559673045267153e-03 5.001814824565050180e-03 4.213731879259262694e-03 2.850356392081310197e-03 1.573424153094471045e-03 7.040729145720056158e-04 2.462098973673358757e-04 5.939196387210353211e-05
3.249741179524496832e-05 -6.093930587384591392e-06 -1.925891266375256701e-04 -6.877003248612200293e-04 -1.639831041355577180e-03 -3.030509019498877146e-03 -4.528666897467473369e-03 -5.524472380129048787e-03 -5.430571279347820406e-03 -4.091163373042169295e-03 -1.962438859333508374e-03 1.320103626428392653e-04 1.496598978196756477e-03 1.917061607747613805e-03 1.639831041355575445e-03 1.087123141364690739e-03 5.827693425705838962e-04 2.550235492308459712e-04 8.992866723416483477e-05
5.286347813976868245e-05 8.487387507667296051e-05 7.568203524423695676e-05 -7.623138605419177037e-05 -5.138163404247293687e-04 -1.337740947947266062e-03 -2.476046970319912936e-03 -3.610962164159802184e-03 -4.278982591261805760e-03 -4.134475537519863991e-03 -3.192295570941087318e-03 -1.838588554154166940e-03 -5.881207241131308121e-04 2.125057357496054589e-04 5.138163404247276340e-04 4.798827960278072530e-04 3.186289249655690895e-04 1.666911016796171529e-04 7.085869639788241277e-05
3.981331200278744986e-05 8.482424187405875884e-05 1.427752494646730816e-04 1.724728056898051400e-04 8.796867999575883371e-05 -2.153800044451504529e-04 -7.862730348453134685e-04 -1.534071547269869962e-03 -2.218180254537053479e-03 -2.557960478583117762e-03 -2.404228099311936720e-03 -1.837513370086626746e-03 -1.109498216183214554e-03 -4.807922611279353696e-04 -8.796867999575966042e-05 7.726246168977552852e-05 1.011811709653503895e-04 7.081660362101006281e-05 3.673241427366253438e-05
1.953940303187043069e-05 4.974016886121686737e-05 1.033527723809812311e-04 1.738433042777489345e-04 2.274550701852865342e-04 2.016470209561079994e-04 3.259455077332031617e-05 -2.929108424189675501e-04 -6.988843615915532343e-04 -1.039706849269449954e-03 -1.179936545086093152e-03 -1.077501234240963888e-03 -8.031484240037068756e-04 -4.846127191551264420e-04 -2.274550701852868595e-04 -7.233607999783686637e-05 -4.194414240573727613e-06 1.352150169318737825e-05 1.157331999816349655e-05
6.020258403699568502e-06 1.925936221578613598e-05 4.798735164065600560e-05 9.682793298552211847e-05 1.594667210930007209e-04 2.112090691879347495e-04 2.130250082251793683e-04 1.328615234103686636e-04 -2.628721908484644664e-05 -2.157283777719951827e-04 -3.635486145508290586e-04 -4.172078027339367278e-04 -3.729069376120259941e-04 -2.699215140280227898e-04 -1.594667210930009378e-04 -7.576623771879368468e-05 -2.741302171372009261e-05 -6.133222310641385027e-06 4.353086362355212435e-07
5.206701771123940424e-07 4.141669492527655322e-06 1.431072940589056778e-05 3.560488550763921963e-05 7.004991766712250021e-05 1.120955232543831444e-04 1.461780423995424091e-04 1.519129853638061527e-04 1.167088741580129651e-04 4.718521080100656349e-05 -3.144199282389969103e-05 -8.971931724776027435e-05 -1.112078515544446557e-04 -9.925363793992532510e-05 -7.004991766712262218e-05 -4.021160689149664360e-05 -1.881085175751723727e-05 -7.012685743724623405e-06 -1.932664717493665156e-06
