3.639349952550847309e-07 1.429386888981160894e-05 3.228731106884768001e-05 -1.044818438049863239e-04 -3.015787075507647685e-04 -2.147246306453260128e-05 2.893538819972737248e-04 1.187746046375817678e-04 -2.633334593877078339e-05 -1.452383200009544092e-05 -6.132207337672309491e-07
6.783239882495647423e-06 9.155083068322239254e-05 8.840037493421180458e-05 -8.998625079778467149e-04 -1.619254615553797046e-03 6.542386865935245679e-04 1.991729528651298327e-03 4.643802325253327786e-04 -2.698101328654897084e-04 -8.454414669057201128e-05 8.121800588744000617e-07
4.432431518807140717e-05 3.487391182016966228e-04 -1.548312594321564982e-04 -4.385493646188134108e-03 -4.871382012520450444e-03 5.779481474165423446e-03 8.161789479934346628e-03 5.384852150451438068e-04 -1.447725050185857173e-03 -2.868427474112397670e-04 2.277289220609816773e-05
1.547310557032316252e-04 7.702965117768055710e-04 -1.853167807522660250e-03 -1.263084838035962408e-02 -6.773486559617738871e-03 2.287160301918275337e-02 1.979487847902215020e-02 -2.593224928268324497e-03 -4.488756099199880945e-03 -5.253490666858257399e-04 1.107980749073693210e-04
3.138825829989763802e-04 9.021200938018018997e-04 -5.698372824245418605e-03 -2.166596983910856061e-02 1.374291022602639085e-03 5.037933915072057012e-02 2.730796265117450827e-02 -1.186813583015841611e-02 -8.270999374846470936e-03 -3.625737226973800619e-04 2.709991200547100004e-04
3.788545236143628890e-04 3.494887638395853991e-04 -9.048598754324337079e-03 -2.172156790310415808e-02 1.857880233734670108e-02 6.526598604231161060e-02 1.857880233734670108e-02 -2.172156790310415808e-02 -9.048598754324337079e-03 3.494887638395853991e-04 3.788545236143628890e-04
2.709991200547100004e-04 -3.625737226973800619e-04 -8.270999374846470936e-03 -1.186813583015841611e-02 2.730796265117450827e-02 5.037933915072057012e-02 1.374291022602639085e-03 -2.166596983910856061e-02 -5.698372824245418605e-03 9.021200938018018997e-04 3.138825829989763802e-04
1.107980749073693210e-04 -5.253490666858257399e-04 -4.488756099199880945e-03 -2.593224928268324497e-03 1.979487847902215020e-02 2.287160301918275337e-02 -6.773486559617738871e-03 -1.263084838035962408e-02 -1.853167807522660250e-03 7.702965117768055710e-04 1.547310557032316252e-04
2.277289220609816773e-05 -2.868427474112397670e-04 -1.447725050185857173e-03 5.384852150451438068e-04 8.161789479934346628e-03 5.779481474165423446e-03 -4.871382012520450444e-03 -4.385493646188134108e-03 -1.548312594321564982e-04 3.487391182016966228e-04 4.432431518807140717e-05
8.121800588744000617e-07 -8.454414669057201128e-05 -2.698101328654897084e-04 4.643802325253327786e-04 1.991729528651298327e-03 6.542386865935245679e-04 -1.619254615553797046e-03 -8.998625079778467149e-04 8.840037493421180458e-05 9.155083068322239254e-05 6.783239882495647423e-06
-6.132207337672309491e-07 -1.452383200009544092e-05 -2.633334593877078339e-05 1.187746046375817678e-04 2.893538819972737248e-04 -2.147246306453260128e-05 -3.015787075507647685e-04 -1.044818438049863239e-04 3.228731106884768001e-05 1.429386888981160894e-05 3.639349952550847309e-07
