-1.534186283830677342e-06 5.126052706942326802e-06 6.078124895256412964e-05 9.721261198696348304e-05 -1.465489433134426920e-04 -3.877061607270859147e-04 -1.465489433134422584e-04 9.721261198696363212e-05 6.078124895256406865e-05 5.126052706942295462e-06 -1.534186283830681789e-06
-1.465546350776374503e-06 7.703744886314429997e-05 3.392969674962350896e-04 -2.437572234953738301e-05 -1.791527477889149700e-03 -1.985576660535701404e-03 2.904723441577540598e-04 1.020094196923383668e-03 2.832664144840407391e-04 -2.453288924256539442e-05 -1.424864540916581699e-05
3.083636541741319398e-05 3.873117319420887991e-04 6.898912227592222945e-04 -2.750801299444875347e-03 -8.279975553254348766e-03 -3.185979340090707140e-03 5.871440672956611782e-03 4.348492565458762088e-03 3.090498467591027646e-04 -3.030649508751743593e-04 -5.605074836644127252e-05
1.562493631226818675e-04 8.448362767517389980e-04 -8.615200177805975830e-04 -1.212203607799549818e-02 -1.636746863332430232e-02 8.881366570820730874e-03 2.308159916812022039e-02 7.668246430990456088e-03 -1.923169044511736491e-03 -1.079686056112090075e-03 -8.596071592103564037e-05
3.086626637210496040e-04 5.314460936414758469e-04 -6.136286189079477246e-03 -2.209788952051619515e-02 -6.292385339827098918e-03 4.301274706920909380e-02 3.880913782155050867e-02 5.280414505713620487e-04 -7.350053480346506983e-03 -1.668831210935747345e-03 3.174754002554577842e-05
2.582630629315239824e-04 -8.629135110879799717e-04 -1.023184191433246584e-02 -1.636465349216867718e-02 2.466987181961084394e-02 6.526598604231161060e-02 2.466987181961084394e-02 -1.636465349216867718e-02 -1.023184191433246584e-02 -8.629135110879799717e-04 2.582630629315239824e-04
3.174754002554577842e-05 -1.668831210935747345e-03 -7.350053480346506983e-03 5.280414505713620487e-04 3.880913782155050867e-02 4.301274706920909380e-02 -6.292385339827098918e-03 -2.209788952051619515e-02 -6.136286189079477246e-03 5.314460936414758469e-04 3.086626637210496040e-04
-8.596071592103564037e-05 -1.079686056112090075e-03 -1.923169044511736491e-03 7.668246430990456088e-03 2.308159916812022039e-02 8.881366570820730874e-03 -1.636746863332430232e-02 -1.212203607799549818e-02 -8.615200177805975830e-04 8.448362767517389980e-04 1.562493631226818675e-04
-5.605074836644127252e-05 -3.030649508751743593e-04 3.090498467591027646e-04 4.348492565458762088e-03 5.871440672956611782e-03 -3.185979340090707140e-03 -8.279975553254348766e-03 -2.750801299444875347e-03 6.898912227592222945e-04 3.873117319420887991e-04 3.083636541741319398e-05
-1.424864540916581699e-05 -2.453288924256539442e-05 2.832664144840407391e-04 1.020094196923383668e-03 2.904723441577540598e-04 -1.985576660535701404e-03 -1.791527477889149700e-03 -2.437572234953738301e-05 3.392969674962350896e-04 7.703744886314429997e-05 -1.465546350776374503e-06
-1.534186283830681789e-06 5.126052706942295462e-06 6.078124895256406865e-05 9.721261198696363212e-05 -1.465489433134422584e-04 -3.877061607270859147e-04 -1.465489433134426920e-04 9.721261198696348304e-05 6.078124895256412964e-05 5.126052706942326802e-06 -1.534186283830677342e-06
