-1.534186283830669507e-06 5.126052706942342896e-06 6.078124895256409576e-05 9.721261198696306291e-05 -1.465489433134431528e-04 -3.877061607270855352e-04 -1.465489433134419602e-04 9.721261198696372699e-05 6.078124895256400767e-05 5.126052706942314944e-06 -1.534186283830678189e-06
-1.424864540916580852e-05 -2.453288924256516064e-05 2.832664144840406849e-04 1.020094196923382801e-03 2.904723441577495603e-04 -1.985576660535705307e-03 -1.791527477889149050e-03 -2.437572234953642417e-05 3.392969674962355233e-04 7.703744886314432708e-05 -1.465546350776385091e-06
-5.605074836644122508e-05 -3.030649508751740882e-04 3.090498467591060714e-04 4.348492565458764690e-03 5.871440672956602241e-03 -3.185979340090720584e-03 -8.279975553254340093e-03 -2.750801299444877949e-03 6.898912227592226198e-04 3.873117319420877691e-04 3.083636541741319398e-05
-8.596071592103603340e-05 -1.079686056112090075e-03 -1.923169044511732805e-03 7.668246430990471700e-03 2.308159916812021345e-02 8.881366570820699649e-03 -1.636746863332431273e-02 -1.212203607799549991e-02 -8.615200177805975830e-04 8.448362767517389980e-04 1.562493631226817320e-04
3.174754002554522277e-05 -1.668831210935750164e-03 -7.350053480346495707e-03 5.280414505713828654e-04 3.880913782155052949e-02 4.301274706920908686e-02 -6.292385339827110194e-03 -2.209788952051619515e-02 -6.136286189079477246e-03 5.314460936414740037e-04 3.086626637210495498e-04
2.582630629315234945e-04 -8.629135110879823569e-04 -1.023184191433246758e-02 -1.636465349216866677e-02 2.466987181961085435e-02 6.526598604231161060e-02 2.466987181961085435e-02 -1.636465349216866677e-02 -1.023184191433246758e-02 -8.629135110879823569e-04 2.582630629315234945e-04
3.086626637210495498e-04 5.314460936414740037e-04 -6.136286189079477246e-03 -2.209788952051619515e-02 -6.292385339827110194e-03 4.301274706920908686e-02 3.880913782155052949e-02 5.280414505713828654e-04 -7.350053480346495707e-03 -1.668831210935750164e-03 3.174754002554522277e-05
1.562493631226817320e-04 8.448362767517389980e-04 -8.615200177805975830e-04 -1.212203607799549991e-02 -1.636746863332431273e-02 8.881366570820699649e-03 2.308159916812021345e-02 7.668246430990471700e-03 -1.923169044511732805e-03 -1.079686056112090075e-03 -8.596071592103603340e-05
3.083636541741319398e-05 3.873117319420877691e-04 6.898912227592226198e-04 -2.750801299444877949e-03 -8.279975553254340093e-03 -3.185979340090720584e-03 5.871440672956602241e-03 4.348492565458764690e-03 3.090498467591060714e-04 -3.030649508751740882e-04 -5.605074836644122508e-05
-1.465546350776385091e-06 7.703744886314432708e-05 3.392969674962355233e-04 -2.437572234953642417e-05 -1.791527477889149050e-03 -1.985576660535705307e-03 2.904723441577495603e-04 1.020094196923382801e-03 2.832664144840406849e-04 -2.453288924256516064e-05 -1.424864540916580852e-05
-1.534186283830678189e-06 5.126052706942314944e-06 6.078124895256400767e-05 9.721261198696372699e-05 -1.465489433134419602e-04 -3.877061607270855352e-04 -1.465489433134431528e-04 9.721261198696306291e-05 6.078124895256409576e-05 5.126052706942342896e-06 -1.534186283830669507e-06
