-6.132207337672387841e-07 -1.452383200009547142e-05 -2.633334593877068513e-05 1.187746046375821066e-04 2.893538819972740501e-04 -2.147246306453323825e-05 -3.015787075507652022e-04 -1.044818438049862020e-04 3.228731106884778166e-05 1.429386888981166145e-05 3.639349952550859485e-07
8.121800588743642745e-07 -8.454414669057211970e-05 -2.698101328654896000e-04 4.643802325253338086e-04 1.991729528651300495e-03 6.542386865935216405e-04 -1.619254615553799865e-03 -8.998625079778450886e-04 8.840037493421254997e-05 9.155083068322247386e-05 6.783239882495660129e-06
2.277289220609805931e-05 -2.868427474112405259e-04 -1.447725050185856739e-03 5.384852150451503120e-04 8.161789479934350097e-03 5.779481474165415640e-03 -4.871382012520462587e-03 -4.385493646188132373e-03 -1.548312594321565525e-04 3.487391182016972191e-04 4.432431518807144105e-05
1.107980749073691991e-04 -5.253490666858260652e-04 -4.488756099199880077e-03 -2.593224928268316690e-03 1.979487847902215367e-02 2.287160301918274644e-02 -6.773486559617751014e-03 -1.263084838035962928e-02 -1.853167807522661985e-03 7.702965117768055710e-04 1.547310557032317607e-04
2.709991200547101089e-04 -3.625737226973820134e-04 -8.270999374846476140e-03 -1.186813583015840570e-02 2.730796265117452215e-02 5.037933915072056318e-02 1.374291022602629544e-03 -2.166596983910855714e-02 -5.698372824245418605e-03 9.021200938018015744e-04 3.138825829989770307e-04
3.788545236143634853e-04 3.494887638395833391e-04 -9.048598754324342283e-03 -2.172156790310414767e-02 1.857880233734671149e-02 6.526598604231161060e-02 1.857880233734671149e-02 -2.172156790310414767e-02 -9.048598754324342283e-03 3.494887638395833391e-04 3.788545236143634853e-04
3.138825829989770307e-04 9.021200938018015744e-04 -5.698372824245418605e-03 -2.166596983910855714e-02 1.374291022602629544e-03 5.037933915072056318e-02 2.730796265117452215e-02 -1.186813583015840570e-02 -8.270999374846476140e-03 -3.625737226973820134e-04 2.709991200547101089e-04
1.547310557032317607e-04 7.702965117768055710e-04 -1.853167807522661985e-03 -1.263084838035962928e-02 -6.773486559617751014e-03 2.287160301918274644e-02 1.979487847902215367e-02 -2.593224928268316690e-03 -4.488756099199880077e-03 -5.253490666858260652e-04 1.107980749073691991e-04
4.432431518807144105e-05 3.487391182016972191e-04 -1.548312594321565525e-04 -4.385493646188132373e-03 -4.871382012520462587e-03 5.779481474165415640e-03 8.161789479934350097e-03 5.384852150451503120e-04 -1.447725050185856739e-03 -2.868427474112405259e-04 2.277289220609805931e-05
6.783239882495660129e-06 9.155083068322247386e-05 8.840037493421254997e-05 -8.998625079778450886e-04 -1.619254615553799865e-03 6.542386865935216405e-04 1.991729528651300495e-03 4.643802325253338086e-04 -2.698101328654896000e-04 -8.454414669057211970e-05 8.121800588743642745e-07
3.639349952550859485e-07 1.429386888981166145e-05 3.228731106884778166e-05 -1.044818438049862020e-04 -3.015787075507652022e-04 -2.147246306453323825e-05 2.893538819972740501e-04 1.187746046375821066e-04 -2.633334593877068513e-05 -1.452383200009547142e-05 -6.132207337672387841e-07
