1.071765750084706798e-04 1.827587155356798210e-04 2.132490194852155151e-04 1.013657076504764141e-04 -2.221971097429386818e-04 -7.059858107918415542e-04 -1.151986079383784728e-03 -1.323061803271471633e-03 -1.117857956113548455e-03 -6.531407248716544246e-04 -1.709906266782069821e-04 1.373895167412692627e-04 2.317115784944388259e-04 1.888069918651941658e-04 1.073906311489448886e-04
1.827587155356798210e-04 2.362711673341845421e-04 1.244338173966673259e-04 -3.022104361266837258e-04 -1.063875257484627520e-03 -1.923382460087121569e-03 -2.447497381052974631e-03 -2.291144129951429558e-03 -1.483188112985060411e-03 -4.302149125729565443e-04 3.829926471313464158e-04 7.156624982357917553e-04 6.461037792597936055e-04 4.071686079641183005e-04 1.888069918651940845e-04
2.132490194852155151e-04 1.244338173966672175e-04 -3.348367682842967813e-04 -1.305984662773197486e-03 -2.615993757856769578e-03 -3.688221302266970775e-03 -3.825346948148356137e-03 -2.743710847946687591e-03 -8.817617356198120294e-04 8.697209038642013000e-04 1.800617291669914148e-03 1.801105372590233082e-03 1.257577653530096533e-03 6.461037792597939308e-04 2.317115784944385819e-04
1.013657076504768614e-04 -3.022104361266837258e-04 -1.305984662773197486e-03 -2.898413790599448613e-03 -4.527561309267175496e-03 -5.202856917775605140e-03 -4.134595965248518724e-03 -1.472209679108555345e-03 1.608873923494180029e-03 3.690516953013943825e-03 4.090049781208027202e-03 3.164083732410278085e-03 1.801105372590232649e-03 7.156624982357909963e-04 1.373895167412689646e-04
-2.221971097429386818e-04 -1.063875257484627520e-03 -2.615993757856769578e-03 -4.527561309267176363e-03 -5.764552073454225385e-03 -5.075518844328920365e-03 -2.002353359627627276e-03 2.424469633033956260e-03 6.161772006722655674e-03 7.566075978560291189e-03 6.485056379963050066e-03 4.090049781208025467e-03 1.800617291669912847e-03 3.829926471313450606e-04 -1.709906266782075513e-04
-7.059858107918405784e-04 -1.923382460087120702e-03 -3.688221302266971643e-03 -5.202856917775605140e-03 -5.075518844328920365e-03 -2.218525397381934921e-03 2.976213737302243253e-03 8.380630187400645373e-03 1.140159038155574844e-02 1.082759932356921508e-02 7.566075978560290322e-03 3.690516953013942957e-03 8.697209038641994568e-04 -4.302149125729580622e-04 -6.531407248716552920e-04
-1.151986079383785595e-03 -2.447497381052974198e-03 -3.825346948148356137e-03 -4.134595965248517857e-03 -2.002353359627629444e-03 2.976213737302240651e-03 9.285394522109566284e-03 1.399628580961652380e-02 1.472662501130858788e-02 1.140159038155574671e-02 6.161772006722654807e-03 1.608873923494178512e-03 -8.817617356198131136e-04 -1.483188112985061495e-03 -1.117857956113548022e-03
-1.323061803271471633e-03 -2.291144129951429992e-03 -2.743710847946687591e-03 -1.472209679108557080e-03 2.424469633033954092e-03 8.380630187400643638e-03 1.399628580961652206e-02 1.631649651057790265e-02 1.399628580961652206e-02 8.380630187400643638e-03 2.424469633033954092e-03 -1.472209679108557080e-03 -2.743710847946687591e-03 -2.291144129951429992e-03 -1.323061803271471633e-03
-1.117857956113548022e-03 -1.483188112985061495e-03 -8.817617356198131136e-04 1.608873923494178512e-03 6.161772006722654807e-03 1.140159038155574671e-02 1.472662501130858788e-02 1.399628580961652380e-02 9.285394522109566284e-03 2.976213737302240651e-03 -2.002353359627629444e-03 -4.134595965248517857e-03 -3.825346948148356137e-03 -2.447497381052974198e-03 -1.151986079383785595e-03
-6.531407248716552920e-04 -4.302149125729580622e-04 8.697209038641994568e-04 3.690516953013942957e-03 7.566075978560290322e-03 1.082759932356921508e-02 1.140159038155574844e-02 8.380630187400645373e-03 2.976213737302243253e-03 -2.218525397381934921e-03 -5.075518844328920365e-03 -5.202856917775605140e-03 -3.688221302266971643e-03 -1.923382460087120702e-03 -7.059858107918405784e-04
-1.709906266782075513e-04 3.829926471313450606e-04 1.800617291669912847e-03 4.090049781208025467e-03 6.485056379963050066e-03 7.566075978560291189e-03 6.161772006722655674e-03 2.424469633033956260e-03 -2.002353359627627276e-03 -5.075518844328920365e-03 -5.764552073454225385e-03 -4.527561309267176363e-03 -2.615993757856769578e-03 -1.063875257484627520e-03 -2.221971097429386818e-04
1.373895167412689646e-04 7.156624982357909963e-04 1.801105372590232649e-03 3.164083732410278085e-03 4.090049781208027202e-03 3.690516953013943825e-03 1.608873923494180029e-03 -1.472209679108555345e-03 -4.134595965248518724e-03 -5.202856917775605140e-03 -4.527561309267175496e-03 -2.898413790599448613e-03 -1.305984662773197486e-03 -3.022104361266837258e-04 1.013657076504768614e-04
2.317115784944385819e-04 6.461037792597939308e-04 1.257577653530096533e-03 1.801105372590233082e-03 1.800617291669914148e-03 8.697209038642013000e-04 -8.817617356198120294e-04 -2.743710847946687591e-03 -3.825346948148356137e-03 -3.688221302266970775e-03 -2.615993757856769578e-03 -1.305984662773197486e-03 -3.348367682842967813e-04 1.244338173966672175e-04 2.132490194852155151e-04
1.888069918651940845e-04 4.071686079641183005e-04 6.461037792597936055e-04 7.156624982357917553e-04 3.829926471313464158e-04 -4.302149125729565443e-04 -1.483188112985060411e-03 -2.291144129951429558e-03 -2.447497381052974631e-03 -1.923382460087121569e-03 -1.063875257484627520e-03 -3.022104361266837258e-04 1.244338173966673259e-04 2.362711673341845421e-04 1.827587155356798210e-04
1.073906311489448886e-04 1.888069918651941658e-04 2.317115784944388259e-04 1.373895167412692627e-04 -1.709906266782069821e-04 -6.531407248716544246e-04 -1.117857956113548455e-03 -1.323061803271471633e-03 -1.151986079383784728e-03 -7.059858107918415542e-04 -2.221971097429386818e-04 1.013657076504764141e-04 2.132490194852155151e-04 1.827587155356798210e-04 1.071765750084706798e-04
