5.206701771123879014e-07 4.141669492527639228e-06 1.431072940589051696e-05 3.560488550763911799e-05 7.004991766712250021e-05 1.120955232543831444e-04 1.461780423995422465e-04 1.519129853638060172e-04 1.167088741580128567e-04 4.718521080100628566e-05 -3.144199282389987399e-05 -8.971931724776027435e-05 -1.112078515544447912e-04 -9.925363793992539286e-05 -7.004991766712244600e-05 -4.021160689149663004e-05 -1.881085175751721694e-05 -7.012685743724591218e-06 -1.932664717493660497e-06
6.020258403699539703e-06 1.925936221578606483e-05 4.798735164065580909e-05 9.682793298552194229e-05 1.594667210930007209e-04 2.112090691879347495e-04 2.130250082251792870e-04 1.328615234103685551e-04 -2.628721908484695486e-05 -2.157283777719955079e-04 -3.635486145508291128e-04 -4.172078027339369446e-04 -3.729069376120254520e-04 -2.699215140280225187e-04 -1.594667210930005312e-04 -7.576623771879357626e-05 -2.741302171371995370e-05 -6.133222310641319805e-06 4.353086362355426311e-07
1.953940303187042392e-05 4.974016886121677251e-05 1.033527723809812582e-04 1.738433042777487447e-04 2.274550701852863716e-04 2.016470209561082162e-04 3.259455077332101412e-05 -2.929108424189684717e-04 -6.988843615915539932e-04 -1.039706849269449737e-03 -1.179936545086092284e-03 -1.077501234240962370e-03 -8.031484240037058998e-04 -4.846127191551260083e-04 -2.274550701852862903e-04 -7.233607999783648690e-05 -4.194414240573488750e-06 1.352150169318743754e-05 1.157331999816351518e-05
3.981331200278746341e-05 8.482424187405885371e-05 1.427752494646733798e-04 1.724728056898055736e-04 8.796867999575941647e-05 -2.153800044451493958e-04 -7.862730348453118422e-04 -1.534071547269869312e-03 -2.218180254537051744e-03 -2.557960478583116027e-03 -2.404228099311934118e-03 -1.837513370086624144e-03 -1.109498216183212602e-03 -4.807922611279341228e-04 -8.796867999575899634e-05 7.726246168977605707e-05 1.011811709653505386e-04 7.081660362101004926e-05 3.673241427366249372e-05
5.286347813976866213e-05 8.487387507667319090e-05 7.568203524423721426e-05 -7.623138605419110629e-05 -5.138163404247293687e-04 -1.337740947947266062e-03 -2.476046970319912936e-03 -3.610962164159801317e-03 -4.278982591261805760e-03 -4.134475537519863991e-03 -3.192295570941086017e-03 -1.838588554154164337e-03 -5.881207241131271258e-04 2.125057357496079797e-04 5.138163404247292603e-04 4.798827960278080661e-04 3.186289249655689811e-04 1.666911016796172071e-04 7.085869639788239921e-05
3.249741179524506319e-05 -6.093930587384345752e-06 -1.925891266375251822e-04 -6.877003248612188367e-04 -1.639831041355575445e-03 -3.030509019498874110e-03 -4.528666897467471635e-03 -5.524472380129048787e-03 -5.430571279347817804e-03 -4.091163373042166693e-03 -1.962438859333504038e-03 1.320103626428431143e-04 1.496598978196760164e-03 1.917061607747615323e-03 1.639831041355576747e-03 1.087123141364690956e-03 5.827693425705831373e-04 2.550235492308458086e-04 8.992866723416471279e-05
-4.043511703877894541e-05 -2.076648366228156582e-04 -6.436561581956151820e-04 -1.511576242794471529e-03 -2.850356392081310197e-03 -4.386141648557351572e-03 -5.471309948394374907e-03 -5.333545791447776539e-03 -3.586534785265608344e-03 -6.334888615867222995e-04 2.441777377797476473e-03 4.498559673045270622e-03 5.001814824565051915e-03 4.213731879259262694e-03 2.850356392081310631e-03 1.573424153094469960e-03 7.040729145720039895e-04 2.462098973673352794e-04 5.939196387210324073e-05
-1.495196965981446214e-04 -4.478818694722870998e-04 -1.066882726738417608e-03 -2.069993888313584156e-03 -3.268766168647490710e-03 -4.091867158331075581e-03 -3.719812622804350485e-03 -1.573096334956777115e-03 2.115906426380473760e-03 6.167467954902713587e-03 9.029127140607802818e-03 9.702284455387628903e-03 8.290684041044809466e-03 5.770399792030054230e-03 3.268766168647490276e-03 1.467860168239151428e-03 4.786823155153501971e-04 7.261808603943817613e-05 -3.503878968318270819e-05
-2.374477324077655174e-04 -5.808535432086280254e-04 -1.159118050860247651e-03 -1.853022515607269730e-03 -2.227831592591967245e-03 -1.556078637813083617e-03 8.216706802644090785e-04 4.898046628850013379e-03 9.627171143935195699e-03 1.326239922372376631e-02 1.433888520333806774e-02 1.258279623993263652e-02 9.007439416825612985e-03 5.165561501922341300e-03 2.227831592591965077e-03 5.582062571223006661e-04 -1.057363001052250592e-04 -2.261061599439714582e-04 -1.594231298467138202e-04
-2.441316209039240035e-04 -4.963941651339256762e-04 -7.780640310917568509e-04 -7.964948350226789533e-04 -7.284596354898781599e-19 2.220341642705179683e-03 6.046290640775379976e-03 1.075318676730227345e-02 1.474250880877955687e-02 1.631649651057790265e-02 1.474250880877955687e-02 1.075318676730227345e-02 6.046290640775379976e-03 2.220341642705179683e-03 -7.284596354898781599e-19 -7.964948350226789533e-04 -7.780640310917568509e-04 -4.963941651339256762e-04 -2.441316209039240035e-04
-1.594231298467138202e-04 -2.261061599439714582e-04 -1.057363001052250592e-04 5.582062571223006661e-04 2.227831592591965077e-03 5.165561501922341300e-03 9.007439416825612985e-03 1.258279623993263652e-02 1.433888520333806774e-02 1.326239922372376631e-02 9.627171143935195699e-03 4.898046628850013379e-03 8.216706802644090785e-04 -1.556078637813083617e-03 -2.227831592591967245e-03 -1.853022515607269730e-03 -1.159118050860247651e-03 -5.808535432086280254e-04 -2.374477324077655174e-04
-3.503878968318270819e-05 7.261808603943817613e-05 4.786823155153501971e-04 1.467860168239151428e-03 3.268766168647490276e-03 5.770399792030054230e-03 8.290684041044809466e-03 9.702284455387628903e-03 9.029127140607802818e-03 6.167467954902713587e-03 2.115906426380473760e-03 -1.573096334956777115e-03 -3.719812622804350485e-03 -4.091867158331075581e-03 -3.268766168647490710e-03 -2.069993888313584156e-03 -1.066882726738417608e-03 -4.478818694722870998e-04 -1.495196965981446214e-04
5.939196387210324073e-05 2.462098973673352794e-04 7.040729145720039895e-04 1.573424153094469960e-03 2.850356392081310631e-03 4.213731879259262694e-03 5.001814824565051915e-03 4.498559673045270622e-03 2.441777377797476473e-03 -6.334888615867222995e-04 -3.586534785265608344e-03 -5.333545791447776539e-03 -5.471309948394374907e-03 -4.386141648557351572e-03 -2.850356392081310197e-03 -1.511576242794471529e-03 -6.436561581956151820e-04 -2.076648366228156582e-04 -4.043511703877894541e-05
8.992866723416471279e-05 2.550235492308458086e-04 5.827693425705831373e-04 1.087123141364690956e-03 1.639831041355576747e-03 1.917061607747615323e-03 1.496598978196760164e-03 1.320103626428431143e-04 -1.962438859333504038e-03 -4.091163373042166693e-03 -5.430571279347817804e-03 -5.524472380129048787e-03 -4.528666897467471635e-03 -3.030509019498874110e-03 -1.639831041355575445e-03 -6.877003248612188367e-04 -1.925891266375251822e-04 -6.093930587384345752e-06 3.249741179524506319e-05
7.085869639788239921e-05 1.666911016796172071e-04 3.186289249655689811e-04 4.798827960278080661e-04 5.138163404247292603e-04 2.125057357496079797e-04 -5.881207241131271258e-04 -1.838588554154164337e-03 -3.192295570941086017e-03 -4.134475537519863991e-03 -4.278982591261805760e-03 -3.610962164159801317e-03 -2.476046970319912936e-03 -1.337740947947266062e-03 -5.138163404247293687e-04 -7.623138605419110629e-05 7.568203524423721426e-05 8.487387507667319090e-05 5.286347813976866213e-05
3.673241427366249372e-05 7.081660362101004926e-05 1.011811709653505386e-04 7.726246168977605707e-05 -8.796867999575899634e-05 -4.807922611279341228e-04 -1.109498216183212602e-03 -1.837513370086624144e-03 -2.404228099311934118e-03 -2.557960478583116027e-03 -2.218180254537051744e-03 -1.534071547269869312e-03 -7.862730348453118422e-04 -2.153800044451493958e-04 8.796867999575941647e-05 1.724728056898055736e-04 1.427752494646733798e-04 8.482424187405885371e-05 3.981331200278746341e-05
1.157331999816351518e-05 1.352150169318743754e-05 -4.194414240573488750e-06 -7.233607999783648690e-05 -2.274550701852862903e-04 -4.846127191551260083e-04 -8.031484240037058998e-04 -1.077501234240962370e-03 -1.179936545086092284e-03 -1.039706849269449737e-03 -6.988843615915539932e-04 -2.929108424189684717e-04 3.259455077332101412e-05 2.016470209561082162e-04 2.274550701852863716e-04 1.738433042777487447e-04 1.033527723809812582e-04 4.974016886121677251e-05 1.953940303187042392e-05
4.353086362355426311e-07 -6.133222310641319805e-06 -2.741302171371995370e-05 -7.576623771879357626e-05 -1.594667210930005312e-04 -2.699215140280225187e-04 -3.729069376120254520e-04 -4.172078027339369446e-04 -3.635486145508291128e-04 -2.157283777719955079e-04 -2.628721908484695486e-05 1.328615234103685551e-04 2.130250082251792870e-04 2.112090691879347495e-04 1.594667210930007209e-04 9.682793298552194229e-05 4.798735164065580909e-05 1.925936221578606483e-05 6.020258403699539703e-06
-1.932664717493660497e-06 -7.012685743724591218e-06 -1.881085175751721694e-05 -4.021160689149663004e-05 -7.004991766712244600e-05 -9.925363793992539286e-05 -1.112078515544447912e-04 -8.971931724776027435e-05 -3.144199282389987399e-05 4.718521080100628566e-05 1.167088741580128567e-04 1.519129853638060172e-04 1.461780423995422465e-04 1.120955232543831444e-04 7.004991766712250021e-05 3.560488550763911799e-05 1.431072940589051696e-05 4.141669492527639228e-06 5.206701771123879014e-07
