9.098374881377118273e-08 1.056681312263664155e-06 3.573467222452902234e-06 7.216061091267286148e-06 8.071827767211920004e-06 -1.388838884584321194e-06 -2.612046095124658098e-05 -5.827978637174586628e-05 -7.539467688769119214e-05 -5.662649615853649341e-05 -5.368115766133150319e-06 4.824826113940645461e-05 7.233847049931843120e-05 5.995389831718832263e-05 2.969365115939544194e-05 4.352392167704117417e-06 -6.583336484692695847e-06 -6.826240730840076385e-06 -3.630958000023860231e-06 -1.171787950095982876e-06 -1.533051834418077373e-07
4.815601651703899899e-07 3.232935215171707075e-06 9.646802823446963492e-06 1.751880071768351392e-05 1.551609906632746990e-05 -1.515225787682935859e-05 -8.273779505997035165e-05 -1.601853689213829433e-04 -1.869812572144219527e-04 -1.168526178667317079e-04 2.746737282213612550e-05 1.597220556522901491e-04 2.026191390984969005e-04 1.516193358932648079e-04 6.445462981401478694e-05 -1.154008357734187324e-08 -2.313235526880987251e-05 -1.951341887421903328e-05 -9.352636175376841224e-06 -2.643961900626298996e-06 -1.626761927832349835e-07
1.695809970623911856e-06 8.562278015062470941e-06 2.288770767080559814e-05 3.696515285901932245e-05 2.210009373355295115e-05 -6.268918896993644189e-05 -2.249656269944616787e-04 -3.867465570393901868e-04 -4.048136538884492615e-04 -1.927895461387154014e-04 1.635596716483811420e-04 4.480637295621061039e-04 4.979323821628245817e-04 3.357384916346410684e-04 1.160950581313331946e-04 -2.760651682642252262e-05 -6.745253321637242709e-05 -4.884248429728258589e-05 -2.113603667264300282e-05 -5.055124907974241127e-06 2.030450147186000154e-07
4.737189483047581448e-06 1.978527994116135479e-05 4.770576874050176831e-05 6.705111581329483230e-05 1.408553965460001710e-05 -1.887837527426696946e-04 -5.312071991207728333e-04 -8.206644573111230266e-04 -7.594106955062965118e-04 -2.182837501794695936e-04 5.547679625769764153e-04 1.084132508672605577e-03 1.075254366760363713e-03 6.476533462322271208e-04 1.619358312823924908e-04 -1.174846826806162631e-04 -1.679136819846253784e-04 -1.073371037738362640e-04 -4.176438391768955204e-05 -7.889583623993446209e-06 1.703419628177830031e-06
1.108107879701785179e-05 4.006565990400015435e-05 8.718477955042415570e-05 1.023917035984362437e-04 -3.870781485803912456e-05 -4.621439490278181740e-04 -1.096373411547033527e-03 -1.529137452754893980e-03 -1.217845503130112611e-03 -2.898622209899379484e-05 1.444870368541355862e-03 2.284053744336213190e-03 2.040447369983586657e-03 1.078537121284547798e-03 1.346213037612859517e-04 -3.355196094571888149e-04 -3.619312625464642932e-04 -2.073149042843869011e-04 -7.171068685280994174e-05 -9.083807523767175143e-06 5.693223051524541933e-06
2.222394634141561134e-05 7.126201664648876277e-05 1.391500321699130221e-04 1.256948900063734021e-04 -1.824593921571153704e-04 -9.569238611955990315e-04 -1.984966886680886600e-03 -2.495478351531434796e-03 -1.625373394370086769e-03 6.464353964341451684e-04 3.113104247786672475e-03 4.212312097716238921e-03 3.397743720245101351e-03 1.524619071352167291e-03 -8.721525315230236816e-05 -7.617146175844654796e-04 -6.807538350311579138e-04 -3.517614416213508933e-04 -1.058096960702673462e-04 -4.508805874665541587e-06 1.391780829299567874e-05
3.868276392580790630e-05 1.113995343396124283e-04 1.925741279442013927e-04 1.080608950015146376e-04 -4.632919518806650626e-04 -1.707391859535596071e-03 -3.157712095089906020e-03 -3.549495130688321443e-03 -1.693371639904434718e-03 2.104491564978988507e-03 5.717900754795688344e-03 6.819667008867750894e-03 4.948719619755537549e-03 1.766298498296639324e-03 -6.483062320670811242e-04 -1.449265763486235750e-03 -1.122189024799970236e-03 -5.232818459325211955e-04 -1.313372666714564350e-04 1.120742125097302428e-05 2.769951872684233026e-05
5.883065970719534308e-05 1.529333002297308681e-04 2.281279944100149230e-04 1.989080334055009543e-05 -8.946910587012341706e-04 -2.651194630616885480e-03 -4.414532864630158794e-03 -4.362216900098941051e-03 -1.093628342031256100e-03 4.478272986981357041e-03 9.086501067020741687e-03 9.703396104688314858e-03 6.266807129304174245e-03 1.528481444067265969e-03 -1.633733986067950226e-03 -2.365152117925436483e-03 -1.624848052618030293e-03 -6.797318491158849596e-04 -1.308145171117049491e-04 4.190537930902002439e-05 4.665957316344012572e-05
7.847064574974409504e-05 1.839326377357747115e-04 2.255300234504504749e-04 -1.491738550488543144e-04 -1.424593206061354651e-03 -3.602568809476638066e-03 -5.416492459777140153e-03 -4.558328061754611353e-03 3.435727556506597714e-04 7.527366436293852353e-03 1.259483478768014253e-02 1.212990074561530983e-02 6.826990662793627068e-03 6.304762255568442924e-04 -2.967033957539604028e-03 -3.350609104618111535e-03 -2.067749843711617734e-03 -7.654344079527899882e-04 -9.064343067434501547e-05 8.613402058960895557e-05 6.774978001367750011e-05
9.196133711367322197e-05 1.928958667865734273e-04 1.753267188825349430e-04 -3.733266289141907958e-04 -1.930734729758598741e-03 -4.296828607593081682e-03 -5.814687138754375852e-03 -3.918292670327711176e-03 2.438826764081116361e-03 1.057721940888199132e-02 1.529667384273051406e-02 1.329691707563948784e-02 6.269963127140643425e-03 -8.521604125232582014e-04 -4.367270101609709715e-03 -4.147942325521742322e-03 -2.310784391362294323e-03 -7.374830425780824848e-04 -1.150430674009380340e-05 1.351053859365241412e-04 8.562623745587210028e-05
9.471363090359072225e-05 1.749344776042592445e-04 8.737219095989634976e-05 -5.924334373329550717e-04 -2.262149688581084270e-03 -4.503890090076007394e-03 -5.430391975776039520e-03 -2.544248569345166321e-03 4.644700584336675271e-03 1.273290744928443075e-02 1.631649651057790265e-02 1.273290744928443075e-02 4.644700584336675271e-03 -2.544248569345166321e-03 -5.430391975776039520e-03 -4.503890090076007394e-03 -2.262149688581084270e-03 -5.924334373329550717e-04 8.737219095989634976e-05 1.749344776042592445e-04 9.471363090359072225e-05
8.562623745587210028e-05 1.351053859365241412e-04 -1.150430674009380340e-05 -7.374830425780824848e-04 -2.310784391362294323e-03 -4.147942325521742322e-03 -4.367270101609709715e-03 -8.521604125232582014e-04 6.269963127140643425e-03 1.329691707563948784e-02 1.529667384273051406e-02 1.057721940888199132e-02 2.438826764081116361e-03 -3.918292670327711176e-03 -5.814687138754375852e-03 -4.296828607593081682e-03 -1.930734729758598741e-03 -3.733266289141907958e-04 1.753267188825349430e-04 1.928958667865734273e-04 9.196133711367322197e-05
6.774978001367750011e-05 8.613402058960895557e-05 -9.064343067434501547e-05 -7.654344079527899882e-04 -2.067749843711617734e-03 -3.350609104618111535e-03 -2.967033957539604028e-03 6.304762255568442924e-04 6.826990662793627068e-03 1.212990074561530983e-02 1.259483478768014253e-02 7.527366436293852353e-03 3.435727556506597714e-04 -4.558328061754611353e-03 -5.416492459777140153e-03 -3.602568809476638066e-03 -1.424593206061354651e-03 -1.491738550488543144e-04 2.255300234504504749e-04 1.839326377357747115e-04 7.847064574974409504e-05
4.665957316344012572e-05 4.190537930902002439e-05 -1.308145171117049491e-04 -6.797318491158849596e-04 -1.624848052618030293e-03 -2.365152117925436483e-03 -1.633733986067950226e-03 1.528481444067265969e-03 6.266807129304174245e-03 9.703396104688314858e-03 9.086501067020741687e-03 4.478272986981357041e-03 -1.093628342031256100e-03 -4.362216900098941051e-03 -4.414532864630158794e-03 -2.651194630616885480e-03 -8.946910587012341706e-04 1.989080334055009543e-05 2.281279944100149230e-04 1.529333002297308681e-04 5.883065970719534308e-05
2.769951872684233026e-05 1.120742125097302428e-05 -1.313372666714564350e-04 -5.232818459325211955e-04 -1.122189024799970236e-03 -1.449265763486235750e-03 -6.483062320670811242e-04 1.766298498296639324e-03 4.948719619755537549e-03 6.819667008867750894e-03 5.717900754795688344e-03 2.104491564978988507e-03 -1.693371639904434718e-03 -3.549495130688321443e-03 -3.157712095089906020e-03 -1.707391859535596071e-03 -4.632919518806650626e-04 1.080608950015146376e-04 1.925741279442013927e-04 1.113995343396124283e-04 3.868276392580790630e-05
1.391780829299567874e-05 -4.508805874665541587e-06 -1.058096960702673462e-04 -3.517614416213508933e-04 -6.807538350311579138e-04 -7.617146175844654796e-04 -8.721525315230236816e-05 1.524619071352167291e-03 3.397743720245101351e-03 4.212312097716238921e-03 3.113104247786672475e-03 6.464353964341451684e-04 -1.625373394370086769e-03 -2.495478351531434796e-03 -1.984966886680886600e-03 -9.569238611955990315e-04 -1.824593921571153704e-04 1.256948900063734021e-04 1.391500321699130221e-04 7.126201664648876277e-05 2.222394634141561134e-05
5.693223051524541933e-06 -9.083807523767175143e-06 -7.171068685280994174e-05 -2.073149042843869011e-04 -3.619312625464642932e-04 -3.355196094571888149e-04 1.346213037612859517e-04 1.078537121284547798e-03 2.040447369983586657e-03 2.284053744336213190e-03 1.444870368541355862e-03 -2.898622209899379484e-05 -1.217845503130112611e-03 -1.529137452754893980e-03 -1.096373411547033527e-03 -4.621439490278181740e-04 -3.870781485803912456e-05 1.023917035984362437e-04 8.718477955042415570e-05 4.006565990400015435e-05 1.108107879701785179e-05
1.703419628177830031e-06 -7.889583623993446209e-06 -4.176438391768955204e-05 -1.073371037738362640e-04 -1.679136819846253784e-04 -1.174846826806162631e-04 1.619358312823924908e-04 6.476533462322271208e-04 1.075254366760363713e-03 1.084132508672605577e-03 5.547679625769764153e-04 -2.182837501794695936e-04 -7.594106955062965118e-04 -8.206644573111230266e-04 -5.312071991207728333e-04 -1.887837527426696946e-04 1.408553965460001710e-05 6.705111581329483230e-05 4.770576874050176831e-05 1.978527994116135479e-05 4.737189483047581448e-06
2.030450147186000154e-07 -5.055124907974241127e-06 -2.113603667264300282e-05 -4.884248429728258589e-05 -6.745253321637242709e-05 -2.760651682642252262e-05 1.160950581313331946e-04 3.357384916346410684e-04 4.979323821628245817e-04 4.480637295621061039e-04 1.635596716483811420e-04 -1.927895461387154014e-04 -4.048136538884492615e-04 -3.867465570393901868e-04 -2.249656269944616787e-04 -6.268918896993644189e-05 2.210009373355295115e-05 3.696515285901932245e-05 2.288770767080559814e-05 8.562278015062470941e-06 1.695809970623911856e-06
-1.626761927832349835e-07 -2.643961900626298996e-06 -9.352636175376841224e-06 -1.951341887421903328e-05 -2.313235526880987251e-05 -1.154008357734187324e-08 6.445462981401478694e-05 1.516193358932648079e-04 2.026191390984969005e-04 1.597220556522901491e-04 2.746737282213612550e-05 -1.168526178667317079e-04 -1.869812572144219527e-04 -1.601853689213829433e-04 -8.273779505997035165e-05 -1.515225787682935859e-05 1.551609906632746990e-05 1.751880071768351392e-05 9.646802823446963492e-06 3.232935215171707075e-06 4.815601651703899899e-07
-1.533051834418077373e-07 -1.171787950095982876e-06 -3.630958000023860231e-06 -6.826240730840076385e-06 -6.583336484692695847e-06 4.352392167704117417e-06 2.969365115939544194e-05 5.995389831718832263e-05 7.233847049931843120e-05 4.824826113940645461e-05 -5.368115766133150319e-06 -5.662649615853649341e-05 -7.539467688769119214e-05 -5.827978637174586628e-05 -2.612046095124658098e-05 -1.388838884584321194e-06 8.071827767211920004e-06 7.216061091267286148e-06 3.573467222452902234e-06 1.056681312263664155e-06 9.098374881377118273e-08
