9.098374881377148713e-08 4.815601651703908370e-07 1.695809970623915032e-06 4.737189483047585683e-06 1.108107879701786026e-05 2.222394634141566216e-05 3.868276392580802150e-05 5.883065970719534308e-05 7.847064574974425767e-05 9.196133711367320842e-05 9.471363090359097975e-05 8.562623745587214094e-05 6.774978001367752722e-05 4.665957316344014605e-05 2.769951872684230315e-05 1.391780829299566857e-05 5.693223051524514828e-06 1.703419628177819443e-06 2.030450147185910686e-07 -1.626761927832393245e-07 -1.533051834418091931e-07
1.056681312263666061e-06 3.232935215171713004e-06 8.562278015062479411e-06 1.978527994116141577e-05 4.006565990400018823e-05 7.126201664648881698e-05 1.113995343396125231e-04 1.529333002297312476e-04 1.839326377357747928e-04 1.928958667865734273e-04 1.749344776042594072e-04 1.351053859365240056e-04 8.613402058960886070e-05 4.190537930901982110e-05 1.120742125097284471e-05 -4.508805874665671183e-06 -9.083807523767290339e-06 -7.889583623993493642e-06 -5.055124907974263997e-06 -2.643961900626310855e-06 -1.171787950095987111e-06
3.573467222452915363e-06 9.646802823446980432e-06 2.288770767080561846e-05 4.770576874050181575e-05 8.718477955042430478e-05 1.391500321699131305e-04 1.925741279442015554e-04 2.281279944100149230e-04 2.255300234504503936e-04 1.753267188825345093e-04 8.737219095989583477e-05 -1.150430674009380340e-05 -9.064343067434542205e-05 -1.308145171117056538e-04 -1.313372666714565163e-04 -1.058096960702675494e-04 -7.171068685281013148e-05 -4.176438391768959269e-05 -2.113603667264302993e-05 -9.352636175376853082e-06 -3.630958000023867431e-06
7.216061091267300548e-06 1.751880071768354441e-05 3.696515285901935633e-05 6.705111581329484586e-05 1.023917035984365690e-04 1.256948900063735105e-04 1.080608950015145970e-04 1.989080334055082726e-05 -1.491738550488543144e-04 -3.733266289141906331e-04 -5.924334373329550717e-04 -7.374830425780820511e-04 -7.654344079527894461e-04 -6.797318491158851764e-04 -5.232818459325215207e-04 -3.517614416213510017e-04 -2.073149042843869282e-04 -1.073371037738361691e-04 -4.884248429728262655e-05 -1.951341887421907393e-05 -6.826240730840077232e-06
8.071827767211945415e-06 1.551609906632752073e-05 2.210009373355305279e-05 1.408553965460020175e-05 -3.870781485803915844e-05 -1.824593921571155330e-04 -4.632919518806653337e-04 -8.946910587012347127e-04 -1.424593206061354651e-03 -1.930734729758600693e-03 -2.262149688581085571e-03 -2.310784391362294757e-03 -2.067749843711619035e-03 -1.624848052618030293e-03 -1.122189024799970019e-03 -6.807538350311578054e-04 -3.619312625464644016e-04 -1.679136819846251886e-04 -6.745253321637241354e-05 -2.313235526880983185e-05 -6.583336484692677212e-06
-1.388838884584322253e-06 -1.515225787682930777e-05 -6.268918896993634702e-05 -1.887837527426696946e-04 -4.621439490278176862e-04 -9.569238611955997904e-04 -1.707391859535596721e-03 -2.651194630616885914e-03 -3.602568809476641102e-03 -4.296828607593083417e-03 -4.503890090076009996e-03 -4.147942325521743190e-03 -3.350609104618111102e-03 -2.365152117925435182e-03 -1.449265763486234882e-03 -7.617146175844651543e-04 -3.355196094571882728e-04 -1.174846826806158294e-04 -2.760651682642224479e-05 -1.154008357723111541e-08 4.352392167704177556e-06
-2.612046095124652677e-05 -8.273779505997046007e-05 -2.249656269944612721e-04 -5.312071991207728333e-04 -1.096373411547033093e-03 -1.984966886680888335e-03 -3.157712095089907321e-03 -4.414532864630160529e-03 -5.416492459777141021e-03 -5.814687138754375852e-03 -5.430391975776036918e-03 -4.367270101609707113e-03 -2.967033957539601426e-03 -1.633733986067946757e-03 -6.483062320670791726e-04 -8.721525315230063344e-05 1.346213037612872527e-04 1.619358312823931684e-04 1.160950581313336012e-04 6.445462981401497667e-05 2.969365115939557069e-05
-5.827978637174595437e-05 -1.601853689213832415e-04 -3.867465570393904036e-04 -8.206644573111230266e-04 -1.529137452754894197e-03 -2.495478351531436097e-03 -3.549495130688323612e-03 -4.362216900098941051e-03 -4.558328061754611353e-03 -3.918292670327711176e-03 -2.544248569345164152e-03 -8.521604125232539731e-04 6.304762255568499302e-04 1.528481444067269004e-03 1.766298498296643661e-03 1.524619071352169460e-03 1.078537121284549750e-03 6.476533462322275544e-04 3.357384916346413937e-04 1.516193358932652958e-04 5.995389831718834296e-05
-7.539467688769130056e-05 -1.869812572144222509e-04 -4.048136538884494783e-04 -7.594106955062967287e-04 -1.217845503130114779e-03 -1.625373394370089588e-03 -1.693371639904437754e-03 -1.093628342031261521e-03 3.435727556506573861e-04 2.438826764081116795e-03 4.644700584336677873e-03 6.269963127140646027e-03 6.826990662793630538e-03 6.266807129304176847e-03 4.948719619755541019e-03 3.397743720245105254e-03 2.040447369983587091e-03 1.075254366760363713e-03 4.979323821628251238e-04 2.026191390984970360e-04 7.233847049931851252e-05
-5.662649615853664249e-05 -1.168526178667321145e-04 -1.927895461387160248e-04 -2.182837501794705965e-04 -2.898622209899597002e-05 6.464353964341415905e-04 2.104491564978983736e-03 4.478272986981353572e-03 7.527366436293848016e-03 1.057721940888199305e-02 1.273290744928443075e-02 1.329691707563949131e-02 1.212990074561531330e-02 9.703396104688314858e-03 6.819667008867753497e-03 4.212312097716240655e-03 2.284053744336213623e-03 1.084132508672604493e-03 4.480637295621058870e-04 1.597220556522899594e-04 4.824826113940633264e-05
-5.368115766133294315e-06 2.746737282213589172e-05 1.635596716483805457e-04 5.547679625769751143e-04 1.444870368541354561e-03 3.113104247786671608e-03 5.717900754795686609e-03 9.086501067020739952e-03 1.259483478768014079e-02 1.529667384273051232e-02 1.631649651057790265e-02 1.529667384273051232e-02 1.259483478768014079e-02 9.086501067020739952e-03 5.717900754795686609e-03 3.113104247786671608e-03 1.444870368541354561e-03 5.547679625769751143e-04 1.635596716483805457e-04 2.746737282213589172e-05 -5.368115766133294315e-06
4.824826113940633264e-05 1.597220556522899594e-04 4.480637295621058870e-04 1.084132508672604493e-03 2.284053744336213623e-03 4.212312097716240655e-03 6.819667008867753497e-03 9.703396104688314858e-03 1.212990074561531330e-02 1.329691707563949131e-02 1.273290744928443075e-02 1.057721940888199305e-02 7.527366436293848016e-03 4.478272986981353572e-03 2.104491564978983736e-03 6.464353964341415905e-04 -2.898622209899597002e-05 -2.182837501794705965e-04 -1.927895461387160248e-04 -1.168526178667321145e-04 -5.662649615853664249e-05
7.233847049931851252e-05 2.026191390984970360e-04 4.979323821628251238e-04 1.075254366760363713e-03 2.040447369983587091e-03 3.397743720245105254e-03 4.948719619755541019e-03 6.266807129304176847e-03 6.826990662793630538e-03 6.269963127140646027e-03 4.644700584336677873e-03 2.438826764081116795e-03 3.435727556506573861e-04 -1.093628342031261521e-03 -1.693371639904437754e-03 -1.625373394370089588e-03 -1.217845503130114779e-03 -7.594106955062967287e-04 -4.048136538884494783e-04 -1.869812572144222509e-04 -7.539467688769130056e-05
5.995389831718834296e-05 1.516193358932652958e-04 3.357384916346413937e-04 6.476533462322275544e-04 1.078537121284549750e-03 1.524619071352169460e-03 1.766298498296643661e-03 1.528481444067269004e-03 6.304762255568499302e-04 -8.521604125232539731e-04 -2.544248569345164152e-03 -3.918292670327711176e-03 -4.558328061754611353e-03 -4.362216900098941051e-03 -3.549495130688323612e-03 -2.495478351531436097e-03 -1.529137452754894197e-03 -8.206644573111230266e-04 -3.867465570393904036e-04 -1.601853689213832415e-04 -5.827978637174595437e-05
2.969365115939557069e-05 6.445462981401497667e-05 1.160950581313336012e-04 1.619358312823931684e-04 1.346213037612872527e-04 -8.721525315230063344e-05 -6.483062320670791726e-04 -1.633733986067946757e-03 -2.967033957539601426e-03 -4.367270101609707113e-03 -5.430391975776036918e-03 -5.814687138754375852e-03 -5.416492459777141021e-03 -4.414532864630160529e-03 -3.157712095089907321e-03 -1.984966886680888335e-03 -1.096373411547033093e-03 -5.312071991207728333e-04 -2.249656269944612721e-04 -8.273779505997046007e-05 -2.612046095124652677e-05
4.352392167704177556e-06 -1.154008357723111541e-08 -2.760651682642224479e-05 -1.174846826806158294e-04 -3.355196094571882728e-04 -7.617146175844651543e-04 -1.449265763486234882e-03 -2.365152117925435182e-03 -3.350609104618111102e-03 -4.147942325521743190e-03 -4.503890090076009996e-03 -4.296828607593083417e-03 -3.602568809476641102e-03 -2.651194630616885914e-03 -1.707391859535596721e-03 -9.569238611955997904e-04 -4.621439490278176862e-04 -1.887837527426696946e-04 -6.268918896993634702e-05 -1.515225787682930777e-05 -1.388838884584322253e-06
-6.583336484692677212e-06 -2.313235526880983185e-05 -6.745253321637241354e-05 -1.679136819846251886e-04 -3.619312625464644016e-04 -6.807538350311578054e-04 -1.122189024799970019e-03 -1.624848052618030293e-03 -2.067749843711619035e-03 -2.310784391362294757e-03 -2.262149688581085571e-03 -1.930734729758600693e-03 -1.424593206061354651e-03 -8.946910587012347127e-04 -4.632919518806653337e-04 -1.824593921571155330e-04 -3.870781485803915844e-05 1.408553965460020175e-05 2.210009373355305279e-05 1.551609906632752073e-05 8.071827767211945415e-06
-6.826240730840077232e-06 -1.951341887421907393e-05 -4.884248429728262655e-05 -1.073371037738361691e-04 -2.073149042843869282e-04 -3.517614416213510017e-04 -5.232818459325215207e-04 -6.797318491158851764e-04 -7.654344079527894461e-04 -7.374830425780820511e-04 -5.924334373329550717e-04 -3.733266289141906331e-04 -1.491738550488543144e-04 1.989080334055082726e-05 1.080608950015145970e-04 1.256948900063735105e-04 1.023917035984365690e-04 6.705111581329484586e-05 3.696515285901935633e-05 1.751880071768354441e-05 7.216061091267300548e-06
-3.630958000023867431e-06 -9.352636175376853082e-06 -2.113603667264302993e-05 -4.176438391768959269e-05 -7.171068685281013148e-05 -1.058096960702675494e-04 -1.313372666714565163e-04 -1.308145171117056538e-04 -9.064343067434542205e-05 -1.150430674009380340e-05 8.737219095989583477e-05 1.753267188825345093e-04 2.255300234504503936e-04 2.281279944100149230e-04 1.925741279442015554e-04 1.391500321699131305e-04 8.718477955042430478e-05 4.770576874050181575e-05 2.288770767080561846e-05 9.646802823446980432e-06 3.573467222452915363e-06
-1.171787950095987111e-06 -2.643961900626310855e-06 -5.055124907974263997e-06 -7.889583623993493642e-06 -9.083807523767290339e-06 -4.508805874665671183e-06 1.120742125097284471e-05 4.190537930901982110e-05 8.613402058960886070e-05 1.351053859365240056e-04 1.749344776042594072e-04 1.928958667865734273e-04 1.839326377357747928e-04 1.529333002297312476e-04 1.113995343396125231e-04 7.126201664648881698e-05 4.006565990400018823e-05 1.978527994116141577e-05 8.562278015062479411e-06 3.232935215171713004e-06 1.056681312263666061e-06
-1.533051834418091931e-07 -1.626761927832393245e-07 2.030450147185910686e-07 1.703419628177819443e-06 5.693223051524514828e-06 1.391780829299566857e-05 2.769951872684230315e-05 4.665957316344014605e-05 6.774978001367752722e-05 8.562623745587214094e-05 9.471363090359097975e-05 9.196133711367320842e-05 7.847064574974425767e-05 5.883065970719534308e-05 3.868276392580802150e-05 2.222394634141566216e-05 1.108107879701786026e-05 4.737189483047585683e-06 1.695809970623915032e-06 4.815601651703908370e-07 9.098374881377148713e-08
