2.303130254835770664e-06 1.457957327795935510e-05 6.124581095296317531e-05 1.707313324840850253e-04 3.158314207886959123e-04 3.877061607270859147e-04 3.158314207886959123e-04 1.707313324840850253e-04 6.124581095296312110e-05 1.457957327795935510e-05 2.303130254835770664e-06
4.505335913624297189e-06 2.852026061339342614e-05 1.198077924885343904e-04 3.339811121001180468e-04 6.178229128563826828e-04 7.584227970561259859e-04 6.178229128563826828e-04 3.339811121001177215e-04 1.198077924885342956e-04 2.852026061339335160e-05 4.505335913624284484e-06
-4.954890189522244594e-05 -3.136608728520772394e-04 -1.317625293675850568e-03 -3.673066265328434575e-03 -6.794709092649096199e-03 -8.341002199812442772e-03 -6.794709092649093597e-03 -3.673066265328434575e-03 -1.317625293675850568e-03 -3.136608728520777272e-04 -4.954890189522252725e-05
-1.381245494519043248e-04 -8.743739030785977005e-04 -3.673066265328433708e-03 -1.023919004458091406e-02 -1.894120951587435764e-02 -2.325171954895575294e-02 -1.894120951587435070e-02 -1.023919004458091059e-02 -3.673066265328432407e-03 -8.743739030785980257e-04 -1.381245494519042435e-04
9.759727638129205994e-05 6.178229128563827912e-04 2.595347929723993991e-03 7.234898247031058827e-03 1.338364879706229263e-02 1.642940743093545056e-02 1.338364879706230130e-02 7.234898247031070102e-03 2.595347929723998328e-03 6.178229128563835501e-04 9.759727638129224968e-05
3.877061607270859147e-04 2.454307726959152787e-03 1.031004571944346172e-02 2.874070595627006147e-02 5.316667927654729342e-02 6.526598604231161060e-02 5.316667927654729342e-02 2.874070595627006147e-02 1.031004571944346172e-02 2.454307726959152787e-03 3.877061607270859147e-04
9.759727638129224968e-05 6.178229128563835501e-04 2.595347929723998328e-03 7.234898247031070102e-03 1.338364879706230130e-02 1.642940743093545056e-02 1.338364879706229263e-02 7.234898247031058827e-03 2.595347929723993991e-03 6.178229128563827912e-04 9.759727638129205994e-05
-1.381245494519042435e-04 -8.743739030785980257e-04 -3.673066265328432407e-03 -1.023919004458091059e-02 -1.894120951587435070e-02 -2.325171954895575294e-02 -1.894120951587435764e-02 -1.023919004458091406e-02 -3.673066265328433708e-03 -8.743739030785977005e-04 -1.381245494519043248e-04
-4.954890189522252725e-05 -3.136608728520777272e-04 -1.317625293675850568e-03 -3.673066265328434575e-03 -6.794709092649093597e-03 -8.341002199812442772e-03 -6.794709092649096199e-03 -3.673066265328434575e-03 -1.317625293675850568e-03 -3.136608728520772394e-04 -4.954890189522244594e-05
4.505335913624284484e-06 2.852026061339335160e-05 1.198077924885342956e-04 3.339811121001177215e-04 6.178229128563826828e-04 7.584227970561259859e-04 6.178229128563826828e-04 3.339811121001180468e-04 1.198077924885343904e-04 2.852026061339342614e-05 4.505335913624297189e-06
2.303130254835770664e-06 1.457957327795935510e-05 6.124581095296312110e-05 1.707313324840850253e-04 3.158314207886959123e-04 3.877061607270859147e-04 3.158314207886959123e-04 1.707313324840850253e-04 6.124581095296317531e-05 1.457957327795935510e-05 2.303130254835770664e-06
