-1.932664717493654568e-06 4.353086362355579306e-07 1.157331999816355415e-05 3.673241427366252083e-05 7.085869639788239921e-05 8.992866723416460437e-05 5.939196387210304422e-05 -3.503878968318306056e-05 -1.594231298467139828e-04 -2.441316209039241119e-04 -2.374477324077654632e-04 -1.495196965981446485e-04 -4.043511703877880311e-05 3.249741179524512417e-05 5.286347813976871634e-05 3.981331200278746341e-05 1.953940303187037987e-05 6.020258403699545633e-06 5.206701771123879014e-07
-7.012685743724586136e-06 -6.133222310641290159e-06 1.352150169318752224e-05 7.081660362101017123e-05 1.666911016796170715e-04 2.550235492308457002e-04 2.462098973673348457e-04 7.261808603943739008e-05 -2.261061599439720545e-04 -4.963941651339263267e-04 -5.808535432086281338e-04 -4.478818694722872624e-04 -2.076648366228155227e-04 -6.093930587384106042e-06 8.487387507667328577e-05 8.482424187405888081e-05 4.974016886121677251e-05 1.925936221578608177e-05 4.141669492527642616e-06
-1.881085175751716950e-05 -2.741302171371989949e-05 -4.194414240573345602e-06 1.011811709653507826e-04 3.186289249655691437e-04 5.827693425705831373e-04 7.040729145720040980e-04 4.786823155153488419e-04 -1.057363001052258995e-04 -7.780640310917581520e-04 -1.159118050860247651e-03 -1.066882726738418476e-03 -6.436561581956155072e-04 -1.925891266375246943e-04 7.568203524423756663e-05 1.427752494646732442e-04 1.033527723809812582e-04 4.798735164065584974e-05 1.431072940589052882e-05
-4.021160689149663004e-05 -7.576623771879352205e-05 -7.233607999783614809e-05 7.726246168977651786e-05 4.798827960278081745e-04 1.087123141364691173e-03 1.573424153094469527e-03 1.467860168239150560e-03 5.582062571222995819e-04 -7.964948350226801459e-04 -1.853022515607271247e-03 -2.069993888313585023e-03 -1.511576242794471312e-03 -6.877003248612194872e-04 -7.623138605419048288e-05 1.724728056898056550e-04 1.738433042777487447e-04 9.682793298552194229e-05 3.560488550763911799e-05
-7.004991766712254087e-05 -1.594667210930006396e-04 -2.274550701852859650e-04 -8.796867999575804767e-05 5.138163404247298024e-04 1.639831041355575879e-03 2.850356392081308896e-03 3.268766168647486807e-03 2.227831592591961608e-03 -4.751747236321214648e-18 -2.227831592591969414e-03 -3.268766168647491577e-03 -2.850356392081308029e-03 -1.639831041355575445e-03 -5.138163404247268751e-04 8.796867999575937582e-05 2.274550701852863716e-04 1.594667210930005854e-04 7.004991766712250021e-05
-9.925363793992537931e-05 -2.699215140280225187e-04 -4.846127191551255747e-04 -4.807922611279332012e-04 2.125057357496088742e-04 1.917061607747617925e-03 4.213731879259263562e-03 5.770399792030053363e-03 5.165561501922337831e-03 2.220341642705174912e-03 -1.556078637813086652e-03 -4.091867158331078183e-03 -4.386141648557352439e-03 -3.030509019498874978e-03 -1.337740947947263026e-03 -2.153800044451493958e-04 2.016470209561082162e-04 2.112090691879347495e-04 1.120955232543831444e-04
-1.112078515544448996e-04 -3.729069376120258857e-04 -8.031484240037064419e-04 -1.109498216183211518e-03 -5.881207241131260416e-04 1.496598978196762115e-03 5.001814824565054517e-03 8.290684041044809466e-03 9.007439416825611250e-03 6.046290640775377374e-03 8.216706802644090785e-04 -3.719812622804351352e-03 -5.471309948394375774e-03 -4.528666897467471635e-03 -2.476046970319910768e-03 -7.862730348453118422e-04 3.259455077332030262e-05 2.130250082251792870e-04 1.461780423995422465e-04
-8.971931724776051830e-05 -4.172078027339375409e-04 -1.077501234240963671e-03 -1.837513370086623927e-03 -1.838588554154161519e-03 1.320103626428457163e-04 4.498559673045275827e-03 9.702284455387632373e-03 1.258279623993263652e-02 1.075318676730227171e-02 4.898046628850010777e-03 -1.573096334956777548e-03 -5.333545791447776539e-03 -5.524472380129048787e-03 -3.610962164159799148e-03 -1.534071547269869312e-03 -2.929108424189683091e-04 1.328615234103685009e-04 1.519129853638059087e-04
-3.144199282390009083e-05 -3.635486145508291128e-04 -1.179936545086091850e-03 -2.404228099311935419e-03 -3.192295570941084716e-03 -1.962438859333501436e-03 2.441777377797480376e-03 9.029127140607802818e-03 1.433888520333806774e-02 1.474250880877955687e-02 9.627171143935195699e-03 2.115906426380473760e-03 -3.586534785265608344e-03 -5.430571279347817804e-03 -4.278982591261804892e-03 -2.218180254537052178e-03 -6.988843615915539932e-04 -2.628721908484695486e-05 1.167088741580124772e-04
4.718521080100606882e-05 -2.157283777719955892e-04 -1.039706849269450822e-03 -2.557960478583116894e-03 -4.134475537519862257e-03 -4.091163373042166693e-03 -6.334888615867200227e-04 6.167467954902713587e-03 1.326239922372376631e-02 1.631649651057790265e-02 1.326239922372376631e-02 6.167467954902713587e-03 -6.334888615867200227e-04 -4.091163373042166693e-03 -4.134475537519862257e-03 -2.557960478583116894e-03 -1.039706849269450822e-03 -2.157283777719955892e-04 4.718521080100606882e-05
1.167088741580124772e-04 -2.628721908484695486e-05 -6.988843615915539932e-04 -2.218180254537052178e-03 -4.278982591261804892e-03 -5.430571279347817804e-03 -3.586534785265608344e-03 2.115906426380473760e-03 9.627171143935195699e-03 1.474250880877955687e-02 1.433888520333806774e-02 9.029127140607802818e-03 2.441777377797480376e-03 -1.962438859333501436e-03 -3.192295570941084716e-03 -2.404228099311935419e-03 -1.179936545086091850e-03 -3.635486145508291128e-04 -3.144199282390009083e-05
1.519129853638059087e-04 1.328615234103685009e-04 -2.929108424189683091e-04 -1.534071547269869312e-03 -3.610962164159799148e-03 -5.524472380129048787e-03 -5.333545791447776539e-03 -1.573096334956777548e-03 4.898046628850010777e-03 1.075318676730227171e-02 1.258279623993263652e-02 9.702284455387632373e-03 4.498559673045275827e-03 1.320103626428457163e-04 -1.838588554154161519e-03 -1.837513370086623927e-03 -1.077501234240963671e-03 -4.172078027339375409e-04 -8.971931724776051830e-05
1.461780423995422465e-04 2.130250082251792870e-04 3.259455077332030262e-05 -7.862730348453118422e-04 -2.476046970319910768e-03 -4.528666897467471635e-03 -5.471309948394375774e-03 -3.719812622804351352e-03 8.216706802644090785e-04 6.046290640775377374e-03 9.007439416825611250e-03 8.290684041044809466e-03 5.001814824565054517e-03 1.496598978196762115e-03 -5.881207241131260416e-04 -1.109498216183211518e-03 -8.031484240037064419e-04 -3.729069376120258857e-04 -1.112078515544448996e-04
1.120955232543831444e-04 2.112090691879347495e-04 2.016470209561082162e-04 -2.153800044451493958e-04 -1.337740947947263026e-03 -3.030509019498874978e-03 -4.386141648557352439e-03 -4.091867158331078183e-03 -1.556078637813086652e-03 2.220341642705174912e-03 5.165561501922337831e-03 5.770399792030053363e-03 4.213731879259263562e-03 1.917061607747617925e-03 2.125057357496088742e-04 -4.807922611279332012e-04 -4.846127191551255747e-04 -2.699215140280225187e-04 -9.925363793992537931e-05
7.004991766712250021e-05 1.594667210930005854e-04 2.274550701852863716e-04 8.796867999575937582e-05 -5.138163404247268751e-04 -1.639831041355575445e-03 -2.850356392081308029e-03 -3.268766168647491577e-03 -2.227831592591969414e-03 -4.751747236321214648e-18 2.227831592591961608e-03 3.268766168647486807e-03 2.850356392081308896e-03 1.639831041355575879e-03 5.138163404247298024e-04 -8.796867999575804767e-05 -2.274550701852859650e-04 -1.594667210930006396e-04 -7.004991766712254087e-05
3.560488550763911799e-05 9.682793298552194229e-05 1.738433042777487447e-04 1.724728056898056550e-04 -7.623138605419048288e-05 -6.877003248612194872e-04 -1.511576242794471312e-03 -2.069993888313585023e-03 -1.853022515607271247e-03 -7.964948350226801459e-04 5.582062571222995819e-04 1.467860168239150560e-03 1.573424153094469527e-03 1.087123141364691173e-03 4.798827960278081745e-04 7.726246168977651786e-05 -7.233607999783614809e-05 -7.576623771879352205e-05 -4.021160689149663004e-05
1.431072940589052882e-05 4.798735164065584974e-05 1.033527723809812582e-04 1.427752494646732442e-04 7.568203524423756663e-05 -1.925891266375246943e-04 -6.436561581956155072e-04 -1.066882726738418476e-03 -1.159118050860247651e-03 -7.780640310917581520e-04 -1.057363001052258995e-04 4.786823155153488419e-04 7.040729145720040980e-04 5.827693425705831373e-04 3.186289249655691437e-04 1.011811709653507826e-04 -4.194414240573345602e-06 -2.741302171371989949e-05 -1.881085175751716950e-05
4.141669492527642616e-06 1.925936221578608177e-05 4.974016886121677251e-05 8.482424187405888081e-05 8.487387507667328577e-05 -6.093930587384106042e-06 -2.076648366228155227e-04 -4.478818694722872624e-04 -5.808535432086281338e-04 -4.963941651339263267e-04 -2.261061599439720545e-04 7.261808603943739008e-05 2.462098973673348457e-04 2.550235492308457002e-04 1.666911016796170715e-04 7.081660362101017123e-05 1.352150169318752224e-05 -6.133222310641290159e-06 -7.012685743724586136e-06
5.206701771123879014e-07 6.020258403699545633e-06 1.953940303187037987e-05 3.981331200278746341e-05 5.286347813976871634e-05 3.249741179524512417e-05 -4.043511703877880311e-05 -1.495196965981446485e-04 -2.374477324077654632e-04 -2.441316209039241119e-04 -1.594231298467139828e-04 -3.503878968318306056e-05 5.939196387210304422e-05 8.992866723416460437e-05 7.085869639788239921e-05 3.673241427366252083e-05 1.157331999816355415e-05 4.353086362355579306e-07 -1.932664717493654568e-06
