-1.533051834418072079e-07 -1.626761927832352747e-07 2.030450147186036153e-07 1.703419628177836807e-06 5.693223051524552097e-06 1.391780829299570753e-05 2.769951872684233026e-05 4.665957316344012572e-05 6.774978001367755432e-05 8.562623745587205962e-05 9.471363090359072225e-05 9.196133711367328973e-05 7.847064574974409504e-05 5.883065970719534308e-05 3.868276392580790630e-05 2.222394634141566216e-05 1.108107879701784163e-05 4.737189483047581448e-06 1.695809970623917997e-06 4.815601651703921075e-07 9.098374881377118273e-08
-1.171787950095984570e-06 -2.643961900626291797e-06 -5.055124907974242821e-06 -7.889583623993429268e-06 -9.083807523767166672e-06 -4.508805874665478907e-06 1.120742125097304461e-05 4.190537930902002439e-05 8.613402058960895557e-05 1.351053859365241412e-04 1.749344776042593801e-04 1.928958667865734273e-04 1.839326377357747115e-04 1.529333002297312476e-04 1.113995343396124283e-04 7.126201664648876277e-05 4.006565990400015435e-05 1.978527994116139883e-05 8.562278015062464164e-06 3.232935215171701569e-06 1.056681312263666908e-06
-3.630958000023867007e-06 -9.352636175376831059e-06 -2.113603667264297572e-05 -4.176438391768961302e-05 -7.171068685280998240e-05 -1.058096960702674410e-04 -1.313372666714560826e-04 -1.308145171117050304e-04 -9.064343067434505613e-05 -1.150430674009380848e-05 8.737219095989634976e-05 1.753267188825349430e-04 2.255300234504503936e-04 2.281279944100148146e-04 1.925741279442013927e-04 1.391500321699128866e-04 8.718477955042416925e-05 4.770576874050172766e-05 2.288770767080557781e-05 9.646802823446980432e-06 3.573467222452909434e-06
-6.826240730840078079e-06 -1.951341887421907393e-05 -4.884248429728255879e-05 -1.073371037738361826e-04 -2.073149042843868740e-04 -3.517614416213508391e-04 -5.232818459325218460e-04 -6.797318491158853932e-04 -7.654344079527902051e-04 -7.374830425780827016e-04 -5.924334373329552886e-04 -3.733266289141907958e-04 -1.491738550488543144e-04 1.989080334055008865e-05 1.080608950015146376e-04 1.256948900063729142e-04 1.023917035984362437e-04 6.705111581329477809e-05 3.696515285901936989e-05 1.751880071768350375e-05 7.216061091267286148e-06
-6.583336484692702623e-06 -2.313235526880988606e-05 -6.745253321637252196e-05 -1.679136819846254597e-04 -3.619312625464644558e-04 -6.807538350311581306e-04 -1.122189024799970236e-03 -1.624848052618030293e-03 -2.067749843711617734e-03 -2.310784391362295190e-03 -2.262149688581084703e-03 -1.930734729758599392e-03 -1.424593206061354651e-03 -8.946910587012341706e-04 -4.632919518806650626e-04 -1.824593921571153704e-04 -3.870781485803948370e-05 1.408553965459983075e-05 2.210009373355297147e-05 1.551609906632745635e-05 8.071827767211923392e-06
4.352392167704113182e-06 -1.154008357738934514e-08 -2.760651682642255989e-05 -1.174846826806166155e-04 -3.355196094571893570e-04 -7.617146175844659133e-04 -1.449265763486236617e-03 -2.365152117925437350e-03 -3.350609104618111535e-03 -4.147942325521743190e-03 -4.503890090076007394e-03 -4.296828607593081682e-03 -3.602568809476638066e-03 -2.651194630616885047e-03 -1.707391859535597155e-03 -9.569238611955990315e-04 -4.621439490278181740e-04 -1.887837527426699657e-04 -6.268918896993663163e-05 -1.515225787682935859e-05 -1.388838884584343853e-06
2.969365115939542500e-05 6.445462981401473273e-05 1.160950581313330320e-04 1.619358312823922469e-04 1.346213037612854367e-04 -8.721525315230285605e-05 -6.483062320670822084e-04 -1.633733986067951310e-03 -2.967033957539605762e-03 -4.367270101609711450e-03 -5.430391975776039520e-03 -5.814687138754375852e-03 -5.416492459777140153e-03 -4.414532864630158794e-03 -3.157712095089905153e-03 -1.984966886680887468e-03 -1.096373411547033527e-03 -5.312071991207738091e-04 -2.249656269944614348e-04 -8.273779505997059559e-05 -2.612046095124658098e-05
5.995389831718831586e-05 1.516193358932651873e-04 3.357384916346408516e-04 6.476533462322265787e-04 1.078537121284547365e-03 1.524619071352165990e-03 1.766298498296638673e-03 1.528481444067263367e-03 6.304762255568442924e-04 -8.521604125232582014e-04 -2.544248569345166321e-03 -3.918292670327711176e-03 -4.558328061754611353e-03 -4.362216900098938449e-03 -3.549495130688321877e-03 -2.495478351531434796e-03 -1.529137452754893763e-03 -8.206644573111232435e-04 -3.867465570393904036e-04 -1.601853689213829433e-04 -5.827978637174587305e-05
7.233847049931844476e-05 2.026191390984969276e-04 4.979323821628252322e-04 1.075254366760363713e-03 2.040447369983586657e-03 3.397743720245100917e-03 4.948719619755536682e-03 6.266807129304173378e-03 6.826990662793624466e-03 6.269963127140640823e-03 4.644700584336675271e-03 2.438826764081116361e-03 3.435727556506597172e-04 -1.093628342031256100e-03 -1.693371639904434284e-03 -1.625373394370086769e-03 -1.217845503130111961e-03 -7.594106955062961866e-04 -4.048136538884492615e-04 -1.869812572144218985e-04 -7.539467688769124635e-05
4.824826113940653593e-05 1.597220556522902575e-04 4.480637295621062665e-04 1.084132508672606011e-03 2.284053744336214491e-03 4.212312097716239788e-03 6.819667008867753497e-03 9.703396104688314858e-03 1.212990074561530983e-02 1.329691707563948784e-02 1.273290744928443075e-02 1.057721940888199132e-02 7.527366436293852353e-03 4.478272986981358776e-03 2.104491564978990675e-03 6.464353964341462526e-04 -2.898622209899325952e-05 -2.182837501794688347e-04 -1.927895461387152116e-04 -1.168526178667316266e-04 -5.662649615853638499e-05
-5.368115766133085945e-06 2.746737282213626441e-05 1.635596716483815485e-04 5.547679625769771743e-04 1.444870368541356946e-03 3.113104247786673343e-03 5.717900754795690078e-03 9.086501067020741687e-03 1.259483478768014253e-02 1.529667384273051406e-02 1.631649651057790265e-02 1.529667384273051406e-02 1.259483478768014253e-02 9.086501067020741687e-03 5.717900754795690078e-03 3.113104247786673343e-03 1.444870368541356946e-03 5.547679625769771743e-04 1.635596716483815485e-04 2.746737282213626441e-05 -5.368115766133085945e-06
-5.662649615853638499e-05 -1.168526178667316266e-04 -1.927895461387152116e-04 -2.182837501794688347e-04 -2.898622209899325952e-05 6.464353964341462526e-04 2.104491564978990675e-03 4.478272986981358776e-03 7.527366436293852353e-03 1.057721940888199132e-02 1.273290744928443075e-02 1.329691707563948784e-02 1.212990074561530983e-02 9.703396104688314858e-03 6.819667008867753497e-03 4.212312097716239788e-03 2.284053744336214491e-03 1.084132508672606011e-03 4.480637295621062665e-04 1.597220556522902575e-04 4.824826113940653593e-05
-7.539467688769124635e-05 -1.869812572144218985e-04 -4.048136538884492615e-04 -7.594106955062961866e-04 -1.217845503130111961e-03 -1.625373394370086769e-03 -1.693371639904434284e-03 -1.093628342031256100e-03 3.435727556506597172e-04 2.438826764081116361e-03 4.644700584336675271e-03 6.269963127140640823e-03 6.826990662793624466e-03 6.266807129304173378e-03 4.948719619755536682e-03 3.397743720245100917e-03 2.040447369983586657e-03 1.075254366760363713e-03 4.979323821628252322e-04 2.026191390984969276e-04 7.233847049931844476e-05
-5.827978637174587305e-05 -1.601853689213829433e-04 -3.867465570393904036e-04 -8.206644573111232435e-04 -1.529137452754893763e-03 -2.495478351531434796e-03 -3.549495130688321877e-03 -4.362216900098938449e-03 -4.558328061754611353e-03 -3.918292670327711176e-03 -2.544248569345166321e-03 -8.521604125232582014e-04 6.304762255568442924e-04 1.528481444067263367e-03 1.766298498296638673e-03 1.524619071352165990e-03 1.078537121284547365e-03 6.476533462322265787e-04 3.357384916346408516e-04 1.516193358932651873e-04 5.995389831718831586e-05
-2.612046095124658098e-05 -8.273779505997059559e-05 -2.249656269944614348e-04 -5.312071991207738091e-04 -1.096373411547033527e-03 -1.984966886680887468e-03 -3.157712095089905153e-03 -4.414532864630158794e-03 -5.416492459777140153e-03 -5.814687138754375852e-03 -5.430391975776039520e-03 -4.367270101609711450e-03 -2.967033957539605762e-03 -1.633733986067951310e-03 -6.483062320670822084e-04 -8.721525315230285605e-05 1.346213037612854367e-04 1.619358312823922469e-04 1.160950581313330320e-04 6.445462981401473273e-05 2.969365115939542500e-05
-1.388838884584343853e-06 -1.515225787682935859e-05 -6.268918896993663163e-05 -1.887837527426699657e-04 -4.621439490278181740e-04 -9.569238611955990315e-04 -1.707391859535597155e-03 -2.651194630616885047e-03 -3.602568809476638066e-03 -4.296828607593081682e-03 -4.503890090076007394e-03 -4.147942325521743190e-03 -3.350609104618111535e-03 -2.365152117925437350e-03 -1.449265763486236617e-03 -7.617146175844659133e-04 -3.355196094571893570e-04 -1.174846826806166155e-04 -2.760651682642255989e-05 -1.154008357738934514e-08 4.352392167704113182e-06
8.071827767211923392e-06 1.551609906632745635e-05 2.210009373355297147e-05 1.408553965459983075e-05 -3.870781485803948370e-05 -1.824593921571153704e-04 -4.632919518806650626e-04 -8.946910587012341706e-04 -1.424593206061354651e-03 -1.930734729758599392e-03 -2.262149688581084703e-03 -2.310784391362295190e-03 -2.067749843711617734e-03 -1.624848052618030293e-03 -1.122189024799970236e-03 -6.807538350311581306e-04 -3.619312625464644558e-04 -1.679136819846254597e-04 -6.745253321637252196e-05 -2.313235526880988606e-05 -6.583336484692702623e-06
7.216061091267286148e-06 1.751880071768350375e-05 3.696515285901936989e-05 6.705111581329477809e-05 1.023917035984362437e-04 1.256948900063729142e-04 1.080608950015146376e-04 1.989080334055008865e-05 -1.491738550488543144e-04 -3.733266289141907958e-04 -5.924334373329552886e-04 -7.374830425780827016e-04 -7.654344079527902051e-04 -6.797318491158853932e-04 -5.232818459325218460e-04 -3.517614416213508391e-04 -2.073149042843868740e-04 -1.073371037738361826e-04 -4.884248429728255879e-05 -1.951341887421907393e-05 -6.826240730840078079e-06
3.573467222452909434e-06 9.646802823446980432e-06 2.288770767080557781e-05 4.770576874050172766e-05 8.718477955042416925e-05 1.391500321699128866e-04 1.925741279442013927e-04 2.281279944100148146e-04 2.255300234504503936e-04 1.753267188825349430e-04 8.737219095989634976e-05 -1.150430674009380848e-05 -9.064343067434505613e-05 -1.308145171117050304e-04 -1.313372666714560826e-04 -1.058096960702674410e-04 -7.171068685280998240e-05 -4.176438391768961302e-05 -2.113603667264297572e-05 -9.352636175376831059e-06 -3.630958000023867007e-06
1.056681312263666908e-06 3.232935215171701569e-06 8.562278015062464164e-06 1.978527994116139883e-05 4.006565990400015435e-05 7.126201664648876277e-05 1.113995343396124283e-04 1.529333002297312476e-04 1.839326377357747115e-04 1.928958667865734273e-04 1.749344776042593801e-04 1.351053859365241412e-04 8.613402058960895557e-05 4.190537930902002439e-05 1.120742125097304461e-05 -4.508805874665478907e-06 -9.083807523767166672e-06 -7.889583623993429268e-06 -5.055124907974242821e-06 -2.643961900626291797e-06 -1.171787950095984570e-06
9.098374881377118273e-08 4.815601651703921075e-07 1.695809970623917997e-06 4.737189483047581448e-06 1.108107879701784163e-05 2.222394634141566216e-05 3.868276392580790630e-05 5.883065970719534308e-05 7.847064574974409504e-05 9.196133711367328973e-05 9.471363090359072225e-05 8.562623745587205962e-05 6.774978001367755432e-05 4.665957316344012572e-05 2.769951872684233026e-05 1.391780829299570753e-05 5.693223051524552097e-06 1.703419628177836807e-06 2.030450147186036153e-07 -1.626761927832352747e-07 -1.533051834418072079e-07
