5.757825637089426659e-07 1.233647696075177290e-06 1.126333978406074297e-06 -2.429935892536952383e-06 -1.238722547380562842e-05 -2.690894433850268323e-05 -3.453113736297606766e-05 -1.888289145575181046e-05 2.439931909532302515e-05 7.449695356537318759e-05 9.692654018177147867e-05 7.449695356537318759e-05 2.439931909532302515e-05 -1.888289145575181046e-05 -3.453113736297606766e-05 -2.690894433850268323e-05 -1.238722547380562842e-05 -2.429935892536952383e-06 1.126333978406074297e-06 1.233647696075177290e-06 5.757825637089426659e-07
1.524872412634919893e-06 3.267128004950473001e-06 2.982923970502449125e-06 -6.435315066042979562e-06 -3.280567975594874248e-05 -7.126424011626260790e-05 -9.145045727422629702e-05 -5.000846164249410169e-05 6.461787994389842148e-05 1.972938336052253714e-04 2.566951771225333637e-04 1.972938336052253714e-04 6.461787994389842148e-05 -5.000846164249410169e-05 -9.145045727422629702e-05 -7.126424011626260790e-05 -3.280567975594874248e-05 -6.435315066042979562e-06 2.982923970502449125e-06 3.267128004950473001e-06 1.524872412634919893e-06
3.644893319489838775e-06 7.809396340632205057e-06 7.130065153348351452e-06 -1.538229474064735093e-05 -7.841521821301940471e-05 -1.703424827979190242e-04 -2.185934757696495606e-04 -1.195349238719097858e-04 1.544557282140957791e-04 4.715902590444421769e-04 6.135769317397881967e-04 4.715902590444421769e-04 1.544557282140957791e-04 -1.195349238719097858e-04 -2.185934757696495606e-04 -1.703424827979190242e-04 -7.841521821301940471e-05 -1.538229474064735093e-05 7.130065153348351452e-06 7.809396340632205057e-06 3.644893319489838775e-06
7.863437729216198307e-06 1.684787357121478557e-05 1.538229474064733399e-05 -3.318553006167550946e-05 -1.691718059740862147e-04 -3.674942964610553053e-04 -4.715902590444419600e-04 -2.578828371484199436e-04 3.332204523621778926e-04 1.017401693452018056e-03 1.323721593995699341e-03 1.017401693452018056e-03 3.332204523621778926e-04 -2.578828371484199436e-04 -4.715902590444419600e-04 -3.674942964610553053e-04 -1.691718059740862147e-04 -3.318553006167550946e-05 1.538229474064733399e-05 1.684787357121478557e-05 7.863437729216198307e-06
1.531145273824079383e-05 3.280567975594873571e-05 2.995194812213359761e-05 -6.461787994389843503e-05 -3.294063234189626419e-04 -7.155739951917146823e-04 -9.182665663321084269e-04 -5.021418123946991491e-04 6.488369824309990399e-04 1.981054404133938008e-03 2.577511429860865431e-03 1.981054404133938008e-03 6.488369824309990399e-04 -5.021418123946991491e-04 -9.182665663321084269e-04 -7.155739951917146823e-04 -3.294063234189626419e-04 -6.461787994389843503e-05 2.995194812213359761e-05 3.280567975594873571e-05 1.531145273824079383e-05
2.690894433850268323e-05 5.765398134527332499e-05 5.263872204857908936e-05 -1.135619829423312405e-04 -5.789115228428742344e-04 -1.257577653530096533e-03 -1.613797485043713242e-03 -8.824836095413033776e-04 1.140291423908597335e-03 3.481582290310523443e-03 4.529819134977086832e-03 3.481582290310523443e-03 1.140291423908597335e-03 -8.824836095413033776e-04 -1.613797485043713242e-03 -1.257577653530096533e-03 -5.789115228428742344e-04 -1.135619829423312405e-04 5.263872204857908936e-05 5.765398134527332499e-05 2.690894433850268323e-05
4.268283312102125632e-05 9.145045727422629702e-05 8.349527802502951170e-05 -1.801314501916094284e-04 -9.182665663321086438e-04 -1.994763393432230029e-03 -2.559797511145227647e-03 -1.399791094152743600e-03 1.808724561757766225e-03 5.522468441164271775e-03 7.185176489067515368e-03 5.522468441164271775e-03 1.808724561757766225e-03 -1.399791094152743600e-03 -2.559797511145227647e-03 -1.994763393432230029e-03 -9.182665663321086438e-04 -1.801314501916094284e-04 8.349527802502951170e-05 9.145045727422629702e-05 4.268283312102125632e-05
6.110632036256283359e-05 1.309238523051449920e-04 1.195349238719097451e-04 -2.578828371484201062e-04 -1.314624332021796255e-03 -2.855776949505040539e-03 -3.664700661641287233e-03 -2.003992630888258748e-03 2.589436886839943143e-03 7.906169789646163779e-03 1.028656404221390576e-02 7.906169789646163779e-03 2.589436886839943143e-03 -2.003992630888258748e-03 -3.664700661641287233e-03 -2.855776949505040539e-03 -1.314624332021796255e-03 -2.578828371484201062e-04 1.195349238719097451e-04 1.309238523051449920e-04 6.110632036256283359e-05
7.895785519717397807e-05 1.691718059740861875e-04 1.544557282140956707e-04 -3.332204523621780552e-04 -1.698677273162274050e-03 -3.690060561928249806e-03 -4.735302378968589410e-03 -2.589436886839941842e-03 3.345912199265573157e-03 1.021586974491768898e-02 1.329166981913682336e-02 1.021586974491768898e-02 3.345912199265573157e-03 -2.589436886839941842e-03 -4.735302378968589410e-03 -3.690060561928249806e-03 -1.698677273162274050e-03 -3.332204523621780552e-04 1.544557282140956707e-04 1.691718059740861875e-04 7.895785519717397807e-05
9.208329872344657896e-05 1.972938336052253443e-04 1.801314501916092929e-04 -3.886128666869697354e-04 -1.981054404133938442e-03 -4.303472380083214061e-03 -5.522468441164270908e-03 -3.019888138817227331e-03 3.902115017916838857e-03 1.191408990393579871e-02 1.550119110293159998e-02 1.191408990393579871e-02 3.902115017916838857e-03 -3.019888138817227331e-03 -5.522468441164270908e-03 -4.303472380083214061e-03 -1.981054404133938442e-03 -3.886128666869697354e-04 1.801314501916092929e-04 1.972938336052253443e-04 9.208329872344657896e-05
9.692654018177147867e-05 2.076707606662166964e-04 1.896056992640314965e-04 -4.090524683657656316e-04 -2.085250549953110693e-03 -4.529819134977086832e-03 -5.812929887238938234e-03 -3.178723102770350008e-03 4.107351857733862639e-03 1.254072703532540037e-02 1.631649651057790265e-02 1.254072703532540037e-02 4.107351857733862639e-03 -3.178723102770350008e-03 -5.812929887238938234e-03 -4.529819134977086832e-03 -2.085250549953110693e-03 -4.090524683657656316e-04 1.896056992640314965e-04 2.076707606662166964e-04 9.692654018177147867e-05
9.208329872344657896e-05 1.972938336052253443e-04 1.801314501916092929e-04 -3.886128666869697354e-04 -1.981054404133938442e-03 -4.303472380083214061e-03 -5.522468441164270908e-03 -3.019888138817227331e-03 3.902115017916838857e-03 1.191408990393579871e-02 1.550119110293159998e-02 1.191408990393579871e-02 3.902115017916838857e-03 -3.019888138817227331e-03 -5.522468441164270908e-03 -4.303472380083214061e-03 -1.981054404133938442e-03 -3.886128666869697354e-04 1.801314501916092929e-04 1.972938336052253443e-04 9.208329872344657896e-05
7.895785519717397807e-05 1.691718059740861875e-04 1.544557282140956707e-04 -3.332204523621780552e-04 -1.698677273162274050e-03 -3.690060561928249806e-03 -4.735302378968589410e-03 -2.589436886839941842e-03 3.345912199265573157e-03 1.021586974491768898e-02 1.329166981913682336e-02 1.021586974491768898e-02 3.345912199265573157e-03 -2.589436886839941842e-03 -4.735302378968589410e-03 -3.690060561928249806e-03 -1.698677273162274050e-03 -3.332204523621780552e-04 1.544557282140956707e-04 1.691718059740861875e-04 7.895785519717397807e-05
6.110632036256283359e-05 1.309238523051449920e-04 1.195349238719097451e-04 -2.578828371484201062e-04 -1.314624332021796255e-03 -2.855776949505040539e-03 -3.664700661641287233e-03 -2.003992630888258748e-03 2.589436886839943143e-03 7.906169789646163779e-03 1.028656404221390576e-02 7.906169789646163779e-03 2.589436886839943143e-03 -2.003992630888258748e-03 -3.664700661641287233e-03 -2.855776949505040539e-03 -1.314624332021796255e-03 -2.578828371484201062e-04 1.195349238719097451e-04 1.309238523051449920e-04 6.110632036256283359e-05
4.268283312102125632e-05 9.145045727422629702e-05 8.349527802502951170e-05 -1.801314501916094284e-04 -9.182665663321086438e-04 -1.994763393432230029e-03 -2.559797511145227647e-03 -1.399791094152743600e-03 1.808724561757766225e-03 5.522468441164271775e-03 7.185176489067515368e-03 5.522468441164271775e-03 1.808724561757766225e-03 -1.399791094152743600e-03 -2.559797511145227647e-03 -1.994763393432230029e-03 -9.182665663321086438e-04 -1.801314501916094284e-04 8.349527802502951170e-05 9.145045727422629702e-05 4.268283312102125632e-05
2.690894433850268323e-05 5.765398134527332499e-05 5.263872204857908936e-05 -1.135619829423312405e-04 -5.789115228428742344e-04 -1.257577653530096533e-03 -1.613797485043713242e-03 -8.824836095413033776e-04 1.140291423908597335e-03 3.481582290310523443e-03 4.529819134977086832e-03 3.481582290310523443e-03 1.140291423908597335e-03 -8.824836095413033776e-04 -1.613797485043713242e-03 -1.257577653530096533e-03 -5.789115228428742344e-04 -1.135619829423312405e-04 5.263872204857908936e-05 5.765398134527332499e-05 2.690894433850268323e-05
1.531145273824079383e-05 3.280567975594873571e-05 2.995194812213359761e-05 -6.461787994389843503e-05 -3.294063234189626419e-04 -7.155739951917146823e-04 -9.182665663321084269e-04 -5.021418123946991491e-04 6.488369824309990399e-04 1.981054404133938008e-03 2.577511429860865431e-03 1.981054404133938008e-03 6.488369824309990399e-04 -5.021418123946991491e-04 -9.182665663321084269e-04 -7.155739951917146823e-04 -3.294063234189626419e-04 -6.461787994389843503e-05 2.995194812213359761e-05 3.280567975594873571e-05 1.531145273824079383e-05
7.863437729216198307e-06 1.684787357121478557e-05 1.538229474064733399e-05 -3.318553006167550946e-05 -1.691718059740862147e-04 -3.674942964610553053e-04 -4.715902590444419600e-04 -2.578828371484199436e-04 3.332204523621778926e-04 1.017401693452018056e-03 1.323721593995699341e-03 1.017401693452018056e-03 3.332204523621778926e-04 -2.578828371484199436e-04 -4.715902590444419600e-04 -3.674942964610553053e-04 -1.691718059740862147e-04 -3.318553006167550946e-05 1.538229474064733399e-05 1.684787357121478557e-05 7.863437729216198307e-06
3.644893319489838775e-06 7.809396340632205057e-06 7.130065153348351452e-06 -1.538229474064735093e-05 -7.841521821301940471e-05 -1.703424827979190242e-04 -2.185934757696495606e-04 -1.195349238719097858e-04 1.544557282140957791e-04 4.715902590444421769e-04 6.135769317397881967e-04 4.715902590444421769e-04 1.544557282140957791e-04 -1.195349238719097858e-04 -2.185934757696495606e-04 -1.703424827979190242e-04 -7.841521821301940471e-05 -1.538229474064735093e-05 7.130065153348351452e-06 7.809396340632205057e-06 3.644893319489838775e-06
1.524872412634919893e-06 3.267128004950473001e-06 2.982923970502449125e-06 -6.435315066042979562e-06 -3.280567975594874248e-05 -7.126424011626260790e-05 -9.145045727422629702e-05 -5.000846164249410169e-05 6.461787994389842148e-05 1.972938336052253714e-04 2.566951771225333637e-04 1.972938336052253714e-04 6.461787994389842148e-05 -5.000846164249410169e-05 -9.145045727422629702e-05 -7.126424011626260790e-05 -3.280567975594874248e-05 -6.435315066042979562e-06 2.982923970502449125e-06 3.267128004950473001e-06 1.524872412634919893e-06
5.757825637089426659e-07 1.233647696075177290e-06 1.126333978406074297e-06 -2.429935892536952383e-06 -1.238722547380562842e-05 -2.690894433850268323e-05 -3.453113736297606766e-05 -1.888289145575181046e-05 2.439931909532302515e-05 7.449695356537318759e-05 9.692654018177147867e-05 7.449695356537318759e-05 2.439931909532302515e-05 -1.888289145575181046e-05 -3.453113736297606766e-05 -2.690894433850268323e-05 -1.238722547380562842e-05 -2.429935892536952383e-06 1.126333978406074297e-06 1.233647696075177290e-06 5.757825637089426659e-07
