-1.534186283830682424e-06 -1.424864540916584579e-05 -5.605074836644129285e-05 -8.596071592103550485e-05 3.174754002554577842e-05 2.582630629315241992e-04 3.086626637210496040e-04 1.562493631226822199e-04 3.083636541741332273e-05 -1.465546350776367303e-06 -1.534186283830677342e-06
5.126052706942309015e-06 -2.453288924256554011e-05 -3.030649508751747387e-04 -1.079686056112091159e-03 -1.668831210935746911e-03 -8.629135110879807306e-04 5.314460936414746543e-04 8.448362767517389980e-04 3.873117319420884739e-04 7.703744886314454392e-05 5.126052706942348825e-06
6.078124895256423128e-05 2.832664144840402513e-04 3.090498467591021141e-04 -1.923169044511741478e-03 -7.350053480346506983e-03 -1.023184191433247105e-02 -6.136286189079479848e-03 -8.615200177806018114e-04 6.898912227592205598e-04 3.392969674962350354e-04 6.078124895256419740e-05
9.721261198696387607e-05 1.020094196923383885e-03 4.348492565458762955e-03 7.668246430990455220e-03 5.280414505713570614e-04 -1.636465349216867718e-02 -2.209788952051619515e-02 -1.212203607799550859e-02 -2.750801299444880117e-03 -2.437572234953836557e-05 9.721261198696348304e-05
-1.465489433134420144e-04 2.904723441577564450e-04 5.871440672956617854e-03 2.308159916812022386e-02 3.880913782155050867e-02 2.466987181961084394e-02 -6.292385339827091979e-03 -1.636746863332429885e-02 -8.279975553254347032e-03 -1.791527477889150134e-03 -1.465489433134426920e-04
-3.877061607270862399e-04 -1.985576660535701837e-03 -3.185979340090702803e-03 8.881366570820744752e-03 4.301274706920910768e-02 6.526598604231161060e-02 4.301274706920910768e-02 8.881366570820744752e-03 -3.185979340090702803e-03 -1.985576660535701837e-03 -3.877061607270862399e-04
-1.465489433134426920e-04 -1.791527477889150134e-03 -8.279975553254347032e-03 -1.636746863332429885e-02 -6.292385339827091979e-03 2.466987181961084394e-02 3.880913782155050867e-02 2.308159916812022386e-02 5.871440672956617854e-03 2.904723441577564450e-04 -1.465489433134420144e-04
9.721261198696348304e-05 -2.437572234953836557e-05 -2.750801299444880117e-03 -1.212203607799550859e-02 -2.209788952051619515e-02 -1.636465349216867718e-02 5.280414505713570614e-04 7.668246430990455220e-03 4.348492565458762955e-03 1.020094196923383885e-03 9.721261198696387607e-05
6.078124895256419740e-05 3.392969674962350354e-04 6.898912227592205598e-04 -8.615200177806018114e-04 -6.136286189079479848e-03 -1.023184191433247105e-02 -7.350053480346506983e-03 -1.923169044511741478e-03 3.090498467591021141e-04 2.832664144840402513e-04 6.078124895256423128e-05
5.126052706942348825e-06 7.703744886314454392e-05 3.873117319420884739e-04 8.448362767517389980e-04 5.314460936414746543e-04 -8.629135110879807306e-04 -1.668831210935746911e-03 -1.079686056112091159e-03 -3.030649508751747387e-04 -2.453288924256554011e-05 5.126052706942309015e-06
-1.534186283830677342e-06 -1.465546350776367303e-06 3.083636541741332273e-05 1.562493631226822199e-04 3.086626637210496040e-04 2.582630629315241992e-04 3.174754002554577842e-05 -8.596071592103550485e-05 -5.605074836644129285e-05 -1.424864540916584579e-05 -1.534186283830682424e-06
