-6.132207337672288315e-07 8.121800588744144612e-07 2.277289220609820839e-05 1.107980749073693210e-04 2.709991200547102173e-04 3.788545236143628890e-04 3.138825829989763802e-04 1.547310557032316252e-04 4.432431518807136651e-05 6.783239882495671987e-06 3.639349952550847309e-07
-1.452383200009546803e-05 -8.454414669057190286e-05 -2.868427474112399296e-04 -5.253490666858243304e-04 -3.625737226973802245e-04 3.494887638395853991e-04 9.021200938018015744e-04 7.702965117768055710e-04 3.487391182016966770e-04 9.155083068322231123e-05 1.429386888981163774e-05
-2.633334593877081049e-05 -2.698101328654900878e-04 -1.447725050185857823e-03 -4.488756099199880945e-03 -8.270999374846470936e-03 -9.048598754324338814e-03 -5.698372824245418605e-03 -1.853167807522660250e-03 -1.548312594321579348e-04 8.840037493421188590e-05 3.228731106884769357e-05
1.187746046375817000e-04 4.643802325253321281e-04 5.384852150451417468e-04 -2.593224928268328833e-03 -1.186813583015842305e-02 -2.172156790310415808e-02 -2.166596983910856061e-02 -1.263084838035962061e-02 -4.385493646188134108e-03 -8.998625079778457391e-04 -1.044818438049863239e-04
2.893538819972737790e-04 1.991729528651300929e-03 8.161789479934346628e-03 1.979487847902214673e-02 2.730796265117449786e-02 1.857880233734670108e-02 1.374291022602638869e-03 -6.773486559617737136e-03 -4.871382012520447842e-03 -1.619254615553797046e-03 -3.015787075507649854e-04
-2.147246306453234378e-05 6.542386865935261942e-04 5.779481474165427783e-03 2.287160301918276031e-02 5.037933915072057012e-02 6.526598604231161060e-02 5.037933915072057012e-02 2.287160301918276031e-02 5.779481474165427783e-03 6.542386865935261942e-04 -2.147246306453234378e-05
-3.015787075507649854e-04 -1.619254615553797046e-03 -4.871382012520447842e-03 -6.773486559617737136e-03 1.374291022602638869e-03 1.857880233734670108e-02 2.730796265117449786e-02 1.979487847902214673e-02 8.161789479934346628e-03 1.991729528651300929e-03 2.893538819972737790e-04
-1.044818438049863239e-04 -8.998625079778457391e-04 -4.385493646188134108e-03 -1.263084838035962061e-02 -2.166596983910856061e-02 -2.172156790310415808e-02 -1.186813583015842305e-02 -2.593224928268328833e-03 5.384852150451417468e-04 4.643802325253321281e-04 1.187746046375817000e-04
3.228731106884769357e-05 8.840037493421188590e-05 -1.548312594321579348e-04 -1.853167807522660250e-03 -5.698372824245418605e-03 -9.048598754324338814e-03 -8.270999374846470936e-03 -4.488756099199880945e-03 -1.447725050185857823e-03 -2.698101328654900878e-04 -2.633334593877081049e-05
1.429386888981163774e-05 9.155083068322231123e-05 3.487391182016966770e-04 7.702965117768055710e-04 9.021200938018015744e-04 3.494887638395853991e-04 -3.625737226973802245e-04 -5.253490666858243304e-04 -2.868427474112399296e-04 -8.454414669057190286e-05 -1.452383200009546803e-05
3.639349952550847309e-07 6.783239882495671987e-06 4.432431518807136651e-05 1.547310557032316252e-04 3.138825829989763802e-04 3.788545236143628890e-04 2.709991200547102173e-04 1.107980749073693210e-04 2.277289220609820839e-05 8.121800588744144612e-07 -6.132207337672288315e-07
