5.206701771123870544e-07 6.020258403699552409e-06 1.953940303187044763e-05 3.981331200278746341e-05 5.286347813976862824e-05 3.249741179524496832e-05 -4.043511703877912159e-05 -1.495196965981448925e-04 -2.374477324077655987e-04 -2.441316209039241932e-04 -1.594231298467135762e-04 -3.503878968318246425e-05 5.939196387210341014e-05 8.992866723416479411e-05 7.085869639788241277e-05 3.673241427366247339e-05 1.157331999816348638e-05 4.353086362355251610e-07 -1.932664717493662191e-06
4.141669492527635840e-06 1.925936221578607499e-05 4.974016886121673185e-05 8.482424187405877239e-05 8.487387507667302827e-05 -6.093930587384345752e-06 -2.076648366228158208e-04 -4.478818694722874250e-04 -5.808535432086280254e-04 -4.963941651339253509e-04 -2.261061599439708890e-04 7.261808603943851494e-05 2.462098973673356589e-04 2.550235492308459170e-04 1.666911016796171800e-04 7.081660362101018479e-05 1.352150169318740874e-05 -6.133222310641348604e-06 -7.012685743724607312e-06
1.431072940589051696e-05 4.798735164065594461e-05 1.033527723809811498e-04 1.427752494646732442e-04 7.568203524423692966e-05 -1.925891266375251009e-04 -6.436561581956157241e-04 -1.066882726738418692e-03 -1.159118050860247218e-03 -7.780640310917562004e-04 -1.057363001052236904e-04 4.786823155153508477e-04 7.040729145720045316e-04 5.827693425705831373e-04 3.186289249655686016e-04 1.011811709653503760e-04 -4.194414240573627664e-06 -2.741302171371998758e-05 -1.881085175751724065e-05
3.560488550763911799e-05 9.682793298552219978e-05 1.738433042777487447e-04 1.724728056898055736e-04 -7.623138605419181103e-05 -6.877003248612188367e-04 -1.511576242794472830e-03 -2.069993888313587192e-03 -1.853022515607269079e-03 -7.964948350226767849e-04 5.582062571223037018e-04 1.467860168239152946e-03 1.573424153094470177e-03 1.087123141364690522e-03 4.798827960278073614e-04 7.726246168977569115e-05 -7.233607999783667664e-05 -7.576623771879358981e-05 -4.021160689149663682e-05
7.004991766712250021e-05 1.594667210930007209e-04 2.274550701852863174e-04 8.796867999575941647e-05 -5.138163404247293687e-04 -1.639831041355575879e-03 -2.850356392081309330e-03 -3.268766168647490276e-03 -2.227831592591964210e-03 1.283184164925790662e-18 2.227831592591967245e-03 3.268766168647490710e-03 2.850356392081308463e-03 1.639831041355574361e-03 5.138163404247279593e-04 -8.796867999575953845e-05 -2.274550701852867511e-04 -1.594667210930008022e-04 -7.004991766712250021e-05
1.120955232543831444e-04 2.112090691879347495e-04 2.016470209561082162e-04 -2.153800044451493958e-04 -1.337740947947264327e-03 -3.030509019498874544e-03 -4.386141648557350704e-03 -4.091867158331075581e-03 -1.556078637813080581e-03 2.220341642705182719e-03 5.165561501922343035e-03 5.770399792030055097e-03 4.213731879259263562e-03 1.917061607747614022e-03 2.125057357496062179e-04 -4.807922611279341228e-04 -4.846127191551261168e-04 -2.699215140280225187e-04 -9.925363793992533865e-05
1.461780423995422465e-04 2.130250082251793683e-04 3.259455077332102768e-05 -7.862730348453118422e-04 -2.476046970319910768e-03 -4.528666897467474237e-03 -5.471309948394374907e-03 -3.719812622804350485e-03 8.216706802644135237e-04 6.046290640775383446e-03 9.007439416825614720e-03 8.290684041044809466e-03 5.001814824565050180e-03 1.496598978196757128e-03 -5.881207241131295111e-04 -1.109498216183213253e-03 -8.031484240037064419e-04 -3.729069376120256688e-04 -1.112078515544447912e-04
1.519129853638061527e-04 1.328615234103689617e-04 -2.929108424189673875e-04 -1.534071547269869312e-03 -3.610962164159800016e-03 -5.524472380129048787e-03 -5.333545791447776539e-03 -1.573096334956774730e-03 4.898046628850013379e-03 1.075318676730227345e-02 1.258279623993263652e-02 9.702284455387627168e-03 4.498559673045270622e-03 1.320103626428405122e-04 -1.838588554154165638e-03 -1.837513370086626746e-03 -1.077501234240963454e-03 -4.172078027339368362e-04 -8.971931724776019304e-05
1.167088741580128567e-04 -2.628721908484643648e-05 -6.988843615915530175e-04 -2.218180254537053045e-03 -4.278982591261805760e-03 -5.430571279347819538e-03 -3.586534785265608344e-03 2.115906426380473760e-03 9.627171143935197434e-03 1.474250880877955860e-02 1.433888520333806774e-02 9.029127140607799348e-03 2.441777377797477340e-03 -1.962438859333506640e-03 -3.192295570941087318e-03 -2.404228099311935419e-03 -1.179936545086092067e-03 -3.635486145508287333e-04 -3.144199282389966392e-05
4.718521080100656349e-05 -2.157283777719949929e-04 -1.039706849269449954e-03 -2.557960478583116461e-03 -4.134475537519863991e-03 -4.091163373042169295e-03 -6.334888615867222995e-04 6.167467954902710985e-03 1.326239922372376458e-02 1.631649651057790265e-02 1.326239922372376458e-02 6.167467954902710985e-03 -6.334888615867222995e-04 -4.091163373042169295e-03 -4.134475537519863991e-03 -2.557960478583116461e-03 -1.039706849269449954e-03 -2.157283777719949929e-04 4.718521080100656349e-05
-3.144199282389966392e-05 -3.635486145508287333e-04 -1.179936545086092067e-03 -2.404228099311935419e-03 -3.192295570941087318e-03 -1.962438859333506640e-03 2.441777377797477340e-03 9.029127140607799348e-03 1.433888520333806774e-02 1.474250880877955860e-02 9.627171143935197434e-03 2.115906426380473760e-03 -3.586534785265608344e-03 -5.430571279347819538e-03 -4.278982591261805760e-03 -2.218180254537053045e-03 -6.988843615915530175e-04 -2.628721908484643648e-05 1.167088741580128567e-04
-8.971931724776019304e-05 -4.172078027339368362e-04 -1.077501234240963454e-03 -1.837513370086626746e-03 -1.838588554154165638e-03 1.320103626428405122e-04 4.498559673045270622e-03 9.702284455387627168e-03 1.258279623993263652e-02 1.075318676730227345e-02 4.898046628850013379e-03 -1.573096334956774730e-03 -5.333545791447776539e-03 -5.524472380129048787e-03 -3.610962164159800016e-03 -1.534071547269869312e-03 -2.929108424189673875e-04 1.328615234103689617e-04 1.519129853638061527e-04
-1.112078515544447912e-04 -3.729069376120256688e-04 -8.031484240037064419e-04 -1.109498216183213253e-03 -5.881207241131295111e-04 1.496598978196757128e-03 5.001814824565050180e-03 8.290684041044809466e-03 9.007439416825614720e-03 6.046290640775383446e-03 8.216706802644135237e-04 -3.719812622804350485e-03 -5.471309948394374907e-03 -4.528666897467474237e-03 -2.476046970319910768e-03 -7.862730348453118422e-04 3.259455077332102768e-05 2.130250082251793683e-04 1.461780423995422465e-04
-9.925363793992533865e-05 -2.699215140280225187e-04 -4.846127191551261168e-04 -4.807922611279341228e-04 2.125057357496062179e-04 1.917061607747614022e-03 4.213731879259263562e-03 5.770399792030055097e-03 5.165561501922343035e-03 2.220341642705182719e-03 -1.556078637813080581e-03 -4.091867158331075581e-03 -4.386141648557350704e-03 -3.030509019498874544e-03 -1.337740947947264327e-03 -2.153800044451493958e-04 2.016470209561082162e-04 2.112090691879347495e-04 1.120955232543831444e-04
-7.004991766712250021e-05 -1.594667210930008022e-04 -2.274550701852867511e-04 -8.796867999575953845e-05 5.138163404247279593e-04 1.639831041355574361e-03 2.850356392081308463e-03 3.268766168647490710e-03 2.227831592591967245e-03 1.283184164925790662e-18 -2.227831592591964210e-03 -3.268766168647490276e-03 -2.850356392081309330e-03 -1.639831041355575879e-03 -5.138163404247293687e-04 8.796867999575941647e-05 2.274550701852863174e-04 1.594667210930007209e-04 7.004991766712250021e-05
-4.021160689149663682e-05 -7.576623771879358981e-05 -7.233607999783667664e-05 7.726246168977569115e-05 4.798827960278073614e-04 1.087123141364690522e-03 1.573424153094470177e-03 1.467860168239152946e-03 5.582062571223037018e-04 -7.964948350226767849e-04 -1.853022515607269079e-03 -2.069993888313587192e-03 -1.511576242794472830e-03 -6.877003248612188367e-04 -7.623138605419181103e-05 1.724728056898055736e-04 1.738433042777487447e-04 9.682793298552219978e-05 3.560488550763911799e-05
-1.881085175751724065e-05 -2.741302171371998758e-05 -4.194414240573627664e-06 1.011811709653503760e-04 3.186289249655686016e-04 5.827693425705831373e-04 7.040729145720045316e-04 4.786823155153508477e-04 -1.057363001052236904e-04 -7.780640310917562004e-04 -1.159118050860247218e-03 -1.066882726738418692e-03 -6.436561581956157241e-04 -1.925891266375251009e-04 7.568203524423692966e-05 1.427752494646732442e-04 1.033527723809811498e-04 4.798735164065594461e-05 1.431072940589051696e-05
-7.012685743724607312e-06 -6.133222310641348604e-06 1.352150169318740874e-05 7.081660362101018479e-05 1.666911016796171800e-04 2.550235492308459170e-04 2.462098973673356589e-04 7.261808603943851494e-05 -2.261061599439708890e-04 -4.963941651339253509e-04 -5.808535432086280254e-04 -4.478818694722874250e-04 -2.076648366228158208e-04 -6.093930587384345752e-06 8.487387507667302827e-05 8.482424187405877239e-05 4.974016886121673185e-05 1.925936221578607499e-05 4.141669492527635840e-06
-1.932664717493662191e-06 4.353086362355251610e-07 1.157331999816348638e-05 3.673241427366247339e-05 7.085869639788241277e-05 8.992866723416479411e-05 5.939196387210341014e-05 -3.503878968318246425e-05 -1.594231298467135762e-04 -2.441316209039241932e-04 -2.374477324077655987e-04 -1.495196965981448925e-04 -4.043511703877912159e-05 3.249741179524496832e-05 5.286347813976862824e-05 3.981331200278746341e-05 1.953940303187044763e-05 6.020258403699552409e-06 5.206701771123870544e-07
