9.529411764705881804e-01 7.176470588235294157e-01 9.686274509803921573e-01
2.235294117647058931e-01 1.725490196078431349e-01 9.529411764705881804e-01
9.411764705882352811e-02 2.078431372549019718e-01 8.745098039215686292e-01
6.352941176470587870e-01 7.333333333333332815e-01 3.921568627450980338e-01
4.313725490196078372e-02 7.058823529411764608e-02 4.156862745098039436e-01
3.725490196078431460e-01 9.098039215686274384e-01 3.764705882352941124e-01
9.843137254901960231e-01 5.882352941176470507e-02 9.019607843137254777e-02
6.117647058823529882e-01 1.686274509803921684e-01 7.098039215686274828e-01
1.568627450980392135e-01 2.705882352941176294e-01 2.392156862745098145e-01
9.490196078431372140e-01 9.019607843137254777e-02 9.568627450980392579e-01
6.392156862745097534e-01 2.509803921568627416e-01 3.450980392156862697e-01
5.019607843137254832e-01 6.235294117647058876e-01 8.156862745098039102e-01
9.176470588235293713e-01 8.823529411764705621e-01 6.156862745098039547e-01
4.509803921568627527e-01 9.294117647058823817e-01 4.941176470588235503e-01
7.607843137254901578e-01 2.274509803921568596e-01 1.529411764705882470e-01
6.705882352941175961e-01 1.529411764705882470e-01 6.352941176470587870e-01
3.098039215686274606e-01 6.470588235294117974e-01 1.176470588235294101e-02
7.333333333333332815e-01 3.647058823529411575e-01 1.215686274509803905e-01
6.901960784313725394e-01 1.960784313725490169e-01 2.196078431372548989e-01
