9.294127553132268682e-01 7.608242907942750488e-01 5.363534182182010390e-01
9.163252679051321348e-01 4.053678504844768771e-01 8.448623524885764402e-01
2.723255337513753593e-01 6.384196296802880921e-01 4.973521253272579212e-01
4.457806000378984335e-01 2.394054409300891972e-01 2.512550396384558571e-01
3.248687213138268248e-02 8.000947564404838896e-01 1.200718731091694469e-01
1.145638402168366321e-01 2.744127508435350027e-01 8.178552477460443448e-02
7.578222482000018800e-01 4.901030734539991718e-01 5.236054275436133887e-01
1.210375453020816616e-01 9.630361684843180559e-02 6.370272649127499687e-01
2.923122062868853677e-01 5.160930685867186618e-01 2.566135777609458435e-01
1.323387934145242584e-01 1.886410970669875065e-01 6.217006786758784154e-01
6.989833909695521985e-01 2.760726313505856844e-01 6.980167107081296507e-01
2.072405108378807537e-01 2.646402820858667626e-01 6.642754006875707384e-01
9.519788369272706996e-01 1.107465582636746326e-02 8.720189588388783664e-01
4.073319836625604040e-01 1.594507558069040432e-01 3.210091886366716052e-01
7.397595329168020761e-01 5.163559694808376177e-01 4.758842641372567073e-01
5.269936887444548468e-01 2.284059717074479190e-01 5.577420038338044561e-01
6.944268947600521491e-01 2.273373693757523295e-01 1.361762286806673661e-01
3.832760566486220766e-01 9.896963020612432604e-01 7.538020424031658395e-01
9.658924397921841987e-02 4.462981032157095074e-01 9.414945087123181011e-01
3.488964325392017729e-01 1.910808018559384536e-01 6.755322727924599757e-01
7.449000268827066229e-01 5.663299650684190389e-01 8.752423138473872655e-01
2.044590877030124654e-01 8.542242441543688170e-01 7.767821415392716089e-01
5.071556647301012077e-02 9.185250316859046027e-01 4.053205084883078069e-01
8.390086754366369304e-01 5.569584470032827861e-01 8.955465917982278201e-01
2.262088870320072553e-01 6.636621867501497629e-01 6.688184640249927870e-02
6.147811529342375181e-01 7.521566725788111363e-01 1.936217744572500399e-01
8.631734942815970646e-01 9.796838269436906055e-01 5.406847919428048321e-02
7.304490964119896290e-01 8.781146334773322071e-01 4.812061205537908615e-01
3.622784038962848507e-01 2.745870277609037124e-01 5.045713813787630064e-01
9.336243930660403922e-02 8.570356239460120706e-01 5.284829248990801087e-01
4.194851053269197383e-01 5.531770840068876982e-01 9.482851623563683940e-01
1.559496459980294070e-01 2.349191115805844277e-01 8.350215051396900900e-01
1.818628014528753667e-01 4.560303804939942474e-01 8.797829589353844959e-02
3.596769342022234639e-01 2.379800768088917717e-01 1.186562725757758230e-01
3.277762350675023084e-01 5.227457221788300856e-02 2.820671905471371366e-01
7.642435200466524137e-02 6.146423728055084856e-01 7.563639186762254329e-01
7.407935765254760607e-01 6.808870792096477498e-02 8.179795474412226985e-01
7.018073270460954971e-01 9.599852067979376402e-01 5.405300301113765693e-01
7.034842854310752180e-01 8.306906406961183098e-01 5.434085354478428442e-01
1.387848356972615216e-01 4.499428969847264481e-01 4.826118533206648076e-01
9.716874851276220415e-01 8.225247905763929390e-01 8.297270943499727158e-01
7.586970934062060579e-01 4.689811175145670585e-01 8.104132516256140617e-01
5.879719525531199587e-01 1.740333594013991902e-01 6.635749771865874225e-01
4.674837489983914018e-01 1.167388935086454138e-01 2.039399475796264127e-01
1.546511391913112377e-01 7.372741094017870589e-01 6.665899261290508804e-02
7.397154889737374006e-01 8.503726456798792466e-01 5.735182551494923953e-01
8.132446805499505826e-01 9.065987578225312982e-01 3.524799385048010825e-01
6.143866266311930335e-01 7.094844653504348564e-01 1.851153438262920226e-02
1.444006770497334724e-01 7.699806578930334933e-01 5.881236704505476975e-01
5.423137379091095278e-01 8.605729546629812265e-01 8.061043894877025773e-01
3.444480511281668988e-01 1.407029417529299664e-01 4.792276895377440837e-01
2.597409604442084685e-01 6.468889602326644006e-02 5.033274925424326973e-01
5.301976364620555326e-01 3.945226491199264052e-01 1.801799014324295678e-01
5.823658010718010258e-01 7.270390332278301448e-01 4.386686979386135166e-01
6.293733430079986313e-01 4.248361595182271744e-01 9.083851962993492180e-01
8.419262392189686972e-01 2.614309672334802492e-01 8.799756336196159490e-01
5.830242682014047384e-01 5.354976854082447169e-01 1.173626295292745647e-01
9.651669448931899931e-01 9.698277410429904100e-01 1.512330005778754760e-01
1.718758803005006053e-01 2.872698382065347333e-01 4.650743387829235909e-01
5.119191112703895818e-01 7.663384193844048342e-01 9.289848020629105640e-01
9.042669495176673955e-01 8.884605478152289848e-01 1.836832425307661776e-01
3.138048023866224501e-02 4.319304002647754714e-01 8.758236706771349578e-02
4.907734720627695557e-01 1.194049554017208026e-01 1.152715900282412775e-01
5.068790859293230699e-01 9.932195783957264990e-01 3.408714717261335236e-01
6.081051015309953955e-01 4.757550984873601951e-01 7.934994186032616748e-01
6.633761885056655982e-01 6.868346114300365457e-01 1.753563827016851873e-01
6.184774267131418757e-01 9.743145429086370601e-01 5.291416639550398093e-01
7.617615446039007754e-01 8.719526855206533034e-01 1.793772586608046726e-01
5.779853116681565872e-01 1.981498637636525118e-03 5.365967172055010614e-01
2.829815021783376183e-01 7.557055125617406777e-02 7.042609426092222291e-01
2.583191776055853150e-01 8.217885592867137934e-01 2.767328310984922268e-01
8.151726028886624453e-01 2.481471713691167924e-01 3.114195828771678665e-01
4.375331659105902160e-01 1.743383705708971831e-01 1.357034791283802111e-01
5.232581407261732709e-01 9.751300936000875108e-01 3.626328022822793429e-01
7.882550040651170598e-01 6.720611462575695194e-01 5.378834671658992983e-01
2.894951177373067397e-01 8.496012701740139894e-01 3.602714309711203544e-01
6.885246992275440014e-02 5.818887568389951026e-01 9.074111285277275396e-01
6.656583395621189503e-01 6.804688155828331197e-02 9.751171226203851905e-01
9.300813418975854008e-01 1.228731679046662917e-01 6.301233858241730434e-01
5.498685352276775351e-01 7.396503084923211624e-02 4.914064747918166498e-01
5.353421560610699403e-01 2.987053059418288692e-01 8.814638378539847441e-01
1.328597217042748468e-01 3.437401537024848963e-01 8.306119952869251977e-01
5.439063280867779682e-01 8.293900991822847901e-01 6.904600518875037007e-02
6.995407435617170266e-01 2.361745625442245311e-01 1.903766576847873981e-01
3.850337882724752525e-02 5.906378848334448151e-03 1.378138969191686769e-01
2.259667844736731324e-01 2.311954525867805366e-01 2.010329531093402178e-02
9.520686747154927243e-01 7.092130105716643040e-02 2.603140951542103343e-01
1.928903965368533591e-02 2.201875853215339296e-01 2.992238286281024839e-01
7.260649183325185163e-02 7.951777485604387685e-01 9.315514855468832733e-01
7.356954059563258763e-01 7.480810777927219268e-01 4.182083034166030888e-01
9.805918440224079546e-01 9.185132812937888414e-01 2.834033520252909888e-01
6.998092789842407235e-01 3.340121978987030671e-01 3.067783231458518500e-01
2.974206593558970102e-02 7.225938035106582724e-01 8.143742507439997169e-01
2.514598858790371150e-01 3.561832713889743207e-01 4.513974185524793903e-03
3.467282616075234580e-01 5.241485108520304026e-01 5.651531263628214452e-01
4.215546074188442072e-01 9.337372773426615424e-01 8.238031435949046966e-01
4.186343714738874899e-01 6.481667554580472501e-02 9.421322067808195477e-01
3.406338065593317310e-01 1.836440703058888069e-01 6.577975831683465779e-01
7.260051702469630941e-01 9.370086326589087689e-01 7.223536495716953443e-01
2.736873316507237863e-01 4.220644327550360231e-02 8.152435409496548990e-01
