5  27  85.91 55.79  4.94 31.94
6  28   5.71 80.25  4.10 18.56
6  29  31.22 70.69  4.49 22.12
6  30  58.53 57.94  5.19 24.56
6  31  84.17 57.19  5.45 23.44
7  32   5.17 50.57  4.20 21.67
7  33  35.11 64.33  5.62 25.46
7  34  62.16 47.31  4.55 25.46
7  35  83.47 68.29  5.74 26.15
8  36   4.07 37.70  4.36 26.64
8  37  29.53 37.30  4.77 26.25
8  38  60.87 45.00  5.41 34.34
8  39  85.12 61.78  5.52 36.32
9  40   3.64 44.53  4.83 30.47
9  41  30.11 57.87  5.17 31.73
9  42  57.22 62.20  4.94 29.03
9  43  84.20 64.72  5.23 32.09
10 44    .95 48.32  4.46 28.31
10 45  31.19 58.95  5.00 29.21
10 46  57.74 63.46  6.07 34.07
10 47  84.17 51.02  5.12 34.07
11 48   5.89 51.52  7.10 33.31
11 49  46.61 40.23  7.82 34.77
12 51   2.97 61.65  7.09 37.65
12 52  29.53 43.65  6.74 36.30
12 53  55.64 46.35  7.62 41.55
13 55   2.39 54.87  6.94 42.14
13 57  49.78 54.53  7.72 40.25
13 58  81.78 42.14  8.17 40.25
14 59   1.17 54.32  6.89 42.58
14 60  31.11 43.28  6.11 41.88
14 62  83.33 51.69  6.44 41.88
15 63   1.80 53.39  5.52 37.68
15 64  27.15 51.07  6.57 40.36
15 65  53.49 35.89  7.79 42.32
15 66  82.97 48.57  7.03 44.46
16 68  30.83 63.03  7.00 35.05
16 69  55.11 29.57  7.00 34.76
16 70  84.22 39.09  6.89 35.77
17 71   3.22 27.74  6.28 60.62
17 72  31.78 34.42  7.22 62.67
17 73  55.56 14.64  6.78 57.28
18 75   0.00 24.69  4.90 51.56
18 76  21.57 24.06  5.82 56.25
18 77  40.39 19.69  5.88 53.75
18 78  63.79 40.94  5.36 56.88
18 79  87.25 38.44  5.49 56.25
19 80   2.27 34.17  6.57 64.11
19 81  28.84 25.10  5.29 63.21
19 82  54.94 22.38  5.35 71.67
19 83  83.72 22.08  6.10 69.86
20 84   1.19 25.47  5.11 57.37
20 85  30.34 32.18  5.23 62.41
20 86  56.08 27.15  5.68 55.69
20 87  85.00 28.54  5.91 60.73
21 88   1.78 40.22  4.50 57.07
21 89  28.28 33.42  4.83 58.15
21 90  58.78 24.18  5.78 57.61
21 91  84.39 27.45  6.17 60.60
22 92   0.97 28.53  5.91 56.79
22 93  30.45 39.13  5.11 55.98
22 94  55.23 19.02  6.02 60.33
22 95  85.00 29.89  5.57 53.26
23 96   0.47 17.36  5.52 48.84
23 97  31.10 30.32  5.12 46.30
23 98  59.24 41.67  6.28 50.00
23 99  85.70 45.37  6.28 49.07
26 108  2.50 16.15  5.49 38.28
26 109 30.71 32.81  5.71 41.15
26 110 56.79 51.04  5.76 39.84
26 111 84.13 44.79  5.98 41.93
27 114 57.91 36.08  6.10 50.28
27 115 84.65 43.75  6.05 50.00
28 116  0.99 36.04  4.83 51.56
28 117 30.64 40.72  5.81 55.37
28 118 59.59 36.33  5.35 53.32
28 119 85.76 28.12  5.35 56.54
29 120  0.00 37.50  4.46 50.39
29 121 22.37 46.29  4.55 50.59
29 122 45.58 45.51  4.46 50.00
29 123 63.72 34.77  4.49 48.05
30 126 23.58 38.45  4.42 48.11
30 127 47.30 26.33  4.55 47.92
30 128 68.76 45.45  4.70 48.67
30 129 89.12 26.33  4.30 49.62
31 130  1.80 44.18  5.29 40.33
31 131 31.34 52.91  5.12 43.66
31 132 59.53 32.88  5.29 41.10
31 133 85.81 33.13  5.70 44.95
32 134  2.32 57.01  5.06 41.81
32 137 85.18 36.23  5.18 43.33
